sofa 0.07055396 50 54 428 375
person 0.010181359 149 39 170 74
person 0.011298502 317 16 333 60
person 0.01195056 289 3 311 38
person 0.013658112 108 100 229 210
person 0.018850313 351 12 389 98
person 0.01954255 322 21 337 37
person 0.021459796 319 15 339 45
person 0.022683991 187 0 202 15
person 0.027218184 334 10 352 49
person 0.027820403 299 18 336 102
person 0.053995483 44 45 150 169
person 0.06922733 284 4 304 52
person 0.12419753 324 14 355 107
person 0.22355716 187 7 334 207
person 0.3510938 205 0 352 375
person 0.41470793 283 0 319 79
person 0.5297902 338 2 375 92
person 0.61013126 207 0 243 92
person 0.72753245 134 11 220 147
person 0.99696594 308 0 490 370
horse 0.036061574 5 81 58 262
dog 0.0050933855 66 89 146 265
dog 0.005118766 88 44 157 123
dog 0.02771431 58 48 150 190
dog 0.031930257 65 124 199 230
dog 0.041635692 108 100 229 210
dog 0.21980947 3 71 62 252
dog 0.99387676 57 141 360 375
cow 0.005450728 88 44 157 123
cow 0.0055574058 113 29 227 172
cow 0.005714658 13 49 125 168
cow 0.01719836 41 118 154 239
cow 0.03067324 64 88 200 211
cow 0.07575367 61 189 358 375
cow 0.27697104 58 48 150 190
cow 0.79798573 3 71 62 252
chair 0.008812996 299 18 336 102
car 0.012521869 50 54 428 375
