boat 0.005559666 439 236 454 261
boat 0.0061971243 2 98 17 299
boat 0.007043218 7 187 22 257
boat 0.007697492 191 245 204 260
boat 0.008369679 403 235 416 301
boat 0.014040202 186 240 206 280
boat 0.020807097 247 205 262 256
boat 0.021509705 188 193 202 255
boat 0.024802066 0 53 27 337
boat 0.039138 63 207 105 272
boat 0.039432585 0 272 38 303
boat 0.069585845 2 237 39 306
boat 0.111453116 441 245 453 259
boat 0.3426127 66 245 109 271
boat 0.46662897 2 181 30 289
boat 0.5991811 241 200 265 281
boat 0.6998768 397 208 421 307
boat 0.80549425 183 195 207 279
