car 0.0066760634 147 315 185 339
car 0.0069343066 74 318 89 349
car 0.009398349 199 325 249 362
car 0.011830575 13 313 31 353
car 0.013673192 116 324 141 344
car 0.018847562 277 329 343 369
car 0.020844566 76 325 86 343
car 0.024459526 120 319 157 353
car 0.036635887 151 325 200 358
car 0.04913561 225 326 246 362
car 0.05131439 1 321 11 344
car 0.32285708 1 315 21 350
car 0.5287131 366 325 491 388
car 0.7577747 138 320 181 358
car 0.81742585 103 326 139 350
car 0.8467902 85 325 117 348
car 0.88854855 171 322 236 361
car 0.9866645 234 330 324 371
car 0.98759884 11 313 83 366
bus 0.023795115 24 308 95 356
