tvmonitor 0.61107916 454 0 500 89
person 0.007532185 318 5 359 68
person 0.008358506 356 6 379 51
person 0.015601102 323 1 359 31
person 0.017735478 1 187 11 232
person 0.018067548 469 0 496 85
person 0.024673391 342 4 373 67
person 0.19274598 355 5 395 65
car 0.006300806 0 194 9 242
car 0.008121063 148 192 256 236
car 0.012870387 367 191 498 235
car 0.0142578045 18 189 78 234
car 0.014421729 153 172 334 240
car 0.022629533 31 206 75 233
car 0.6032016 430 179 500 221
car 0.9998684 181 185 496 315
bus 0.005620015 28 188 77 213
bus 0.0058754245 139 173 261 217
bus 0.015385759 153 172 334 240
bus 0.047719948 18 189 78 234
bus 0.9655154 66 161 275 236
