pottedplant 0.0065940847 242 162 276 220
pottedplant 0.007586185 212 104 273 207
pottedplant 0.014112255 221 145 265 208
person 0.005274269 449 279 464 330
person 0.0075563095 357 312 379 333
person 0.013559555 242 162 276 220
person 0.014036811 10 220 51 279
person 0.014097149 455 256 489 328
person 0.021460408 477 253 497 332
person 0.022971014 64 216 103 245
person 0.026170548 212 104 273 207
person 0.026280394 426 281 447 326
person 0.032361984 490 264 499 333
person 0.07596793 275 310 295 333
boat 0.020094939 160 0 496 189
