sheep 0.0072353175 312 143 352 172
sheep 0.007886491 490 132 498 154
sheep 0.013568788 489 137 497 165
sheep 0.07483286 486 131 499 174
person 0.02704358 486 131 499 174
person 0.06503657 221 145 270 178
person 0.09189803 271 123 293 148
motorbike 0.0067598675 486 131 499 174
horse 0.049651824 221 145 270 178
horse 0.054606754 486 131 499 174
horse 0.091236785 311 140 349 170
horse 0.24087228 271 123 293 148
dog 0.007853066 279 135 361 170
dog 0.022313619 486 131 499 174
dog 0.06456785 270 124 294 153
dog 0.094380885 221 145 270 178
dog 0.37551913 311 140 349 170
cow 0.008205174 489 137 497 165
cow 0.03424808 222 139 286 183
cow 0.15014923 486 131 499 174
cow 0.40491048 271 123 293 148
cow 0.5378204 311 140 349 170
cat 0.009324233 221 145 270 178
cat 0.02038402 311 140 349 170
car 0.0065025734 486 131 499 174
bird 0.007880614 221 145 270 178
bird 0.009897902 311 140 349 170
bicycle 0.007195083 486 131 499 174
bicycle 0.022481928 221 145 270 178
