tvmonitor 0.32907912 95 165 135 203
tvmonitor 0.9756956 184 138 263 200
person 0.0055683274 303 217 359 380
person 0.0062212306 1 291 37 355
person 0.0067903427 139 273 172 359
person 0.0075376118 232 152 251 185
person 0.010970067 187 137 267 202
person 0.01157069 204 152 254 186
person 0.015602557 296 221 324 305
person 0.035484955 95 165 135 203
person 0.048399966 285 223 309 302
person 0.07260993 332 228 375 410
person 0.64492166 75 278 112 348
person 0.8586982 115 272 153 357
person 0.9957247 72 210 322 494
diningtable 0.0056288904 0 309 157 500
diningtable 0.009153148 0 215 325 500
chair 0.023828967 111 311 340 500
bottle 0.0075795567 119 287 153 374
