tvmonitor 0.0050146766 255 174 275 190
tvmonitor 0.14496116 249 169 282 196
sofa 0.005741093 193 172 308 288
sofa 0.009913254 249 169 282 196
sofa 0.6585228 0 219 146 371
sofa 0.99698925 28 179 329 320
pottedplant 0.0085732555 456 11 500 71
person 0.005573048 216 142 242 167
person 0.011341057 207 184 282 239
person 0.07508913 208 152 282 278
person 0.7755507 208 147 274 217
chair 0.0070440443 84 195 316 310
chair 0.026841538 207 174 307 297
chair 0.034040663 249 169 282 196
chair 0.14087312 216 162 288 226
chair 0.5472093 0 227 162 368
