train 0.07145614 257 66 447 336
pottedplant 0.0053173834 441 173 458 210
person 0.007860917 379 138 449 366
person 0.010489933 9 158 36 275
person 0.012284592 262 155 285 191
person 0.012570797 232 149 283 320
person 0.014381109 437 185 465 254
person 0.015596823 455 185 496 358
person 0.017423585 238 159 272 263
person 0.025782878 68 164 140 341
person 0.07827956 29 175 39 195
person 0.08123887 481 140 500 263
person 0.14017406 66 154 114 281
person 0.18874532 452 208 477 254
person 0.63595223 80 154 116 235
person 0.7690442 239 151 282 207
person 0.8730988 472 146 500 363
person 0.9580941 377 123 442 239
person 0.98466796 41 154 82 289
person 0.9983106 0 146 25 287
person 0.9985494 68 75 282 375
person 0.99966013 247 73 436 375
motorbike 0.0059201717 258 124 452 374
car 0.0073509365 362 159 378 171
car 0.010229165 352 153 385 174
