pottedplant 0.0056688944 0 0 10 49
pottedplant 0.0059664375 310 0 437 325
pottedplant 0.0069319378 476 10 497 50
pottedplant 0.013367757 446 0 500 167
pottedplant 0.013701187 454 0 495 55
pottedplant 0.038859013 1 142 58 328
pottedplant 0.15749632 22 2 263 164
person 0.43254066 88 108 331 345
person 0.7070148 267 61 338 302
person 0.7659776 195 62 302 325
person 0.98843545 321 0 435 375
motorbike 0.0090000015 1 142 58 328
motorbike 0.033012137 170 90 319 340
motorbike 0.9912076 18 137 335 375
car 0.005200622 450 47 499 194
car 0.008581601 310 0 437 325
car 0.020839423 473 92 499 189
car 0.12537941 458 102 497 250
