person 0.0058681923 136 188 181 219
person 0.006254353 367 225 386 257
person 0.0063341274 175 186 216 219
person 0.009261887 471 287 498 375
person 0.01587693 224 176 248 213
person 0.016113382 100 186 141 222
person 0.021560445 118 183 137 222
person 0.02218988 325 178 361 210
person 0.12514322 383 286 495 374
person 0.17161119 275 177 314 212
motorbike 0.005028525 281 176 306 212
motorbike 0.018121108 135 197 182 224
motorbike 0.043244384 77 193 170 228
motorbike 0.053063013 175 186 216 219
motorbike 0.14363411 97 196 142 226
motorbike 0.19535021 273 186 314 217
motorbike 0.22384879 325 178 361 210
motorbike 0.30629766 216 186 256 219
horse 0.005717812 97 196 142 226
horse 0.016566522 275 177 314 212
bicycle 0.010780762 77 193 170 228
bicycle 0.030816087 135 197 182 224
bicycle 0.046740588 175 186 216 219
bicycle 0.17940995 97 196 142 226
bicycle 0.253515 216 186 256 219
bicycle 0.29765567 325 178 361 210
bicycle 0.6524959 273 186 314 217
