sofa 0.014796164 374 63 497 328
person 0.0056350427 343 133 472 268
person 0.0071195946 358 5 436 229
person 0.026416833 436 25 500 324
person 0.24481416 360 6 426 116
person 0.81889766 0 129 122 330
person 0.9278766 162 72 287 201
person 0.99428016 342 16 480 300
diningtable 0.0064965826 336 69 484 320
diningtable 0.017483557 204 149 438 266
diningtable 0.9256262 122 175 475 332
chair 0.018173605 444 117 500 312
chair 0.03382179 374 63 497 328
chair 0.04809478 346 234 471 326
bottle 0.005582385 247 180 269 273
bottle 0.0130259385 50 100 88 174
bottle 0.014449581 205 201 224 255
bottle 0.038065795 231 155 255 244
bottle 0.118671626 217 185 239 279
bottle 0.19225979 251 153 272 240
bottle 0.20397352 326 199 349 272
bottle 0.985424 224 179 249 281
