tvmonitor 0.08724116 171 205 319 335
sofa 0.014323247 151 171 327 362
sofa 0.61326873 0 142 276 371
pottedplant 0.045201506 0 9 26 156
person 0.0050491877 257 154 330 285
person 0.0052935635 267 167 384 276
person 0.0058256136 132 146 286 236
person 0.0073515866 2 157 59 352
person 0.023185723 202 166 283 218
person 0.049585484 171 205 319 335
person 0.08179919 99 164 253 290
person 0.6106185 244 157 313 224
person 0.88842636 103 152 321 366
person 0.97350913 1 135 267 337
chair 0.008682195 202 166 283 218
chair 0.1890414 0 208 274 375
