person 0.006114329 189 0 396 153
person 0.0072581614 252 7 348 72
person 0.009708587 322 4 394 95
person 0.016653573 334 7 480 116
person 0.021227892 359 7 400 86
person 0.038564645 76 10 251 121
person 0.21293898 259 7 397 117
person 0.24705607 1 0 105 229
diningtable 0.030277343 19 81 484 375
bottle 0.009439561 310 66 329 111
bottle 0.024664076 267 72 291 166
bottle 0.04245355 287 57 305 99
bottle 0.047006883 375 52 399 146
bottle 0.053390585 301 67 331 174
bottle 0.053562284 225 103 248 252
bottle 0.056581445 371 63 388 112
bottle 0.06662328 283 54 313 118
bottle 0.06860042 348 65 400 218
bottle 0.0767405 337 58 359 112
bottle 0.10798528 226 77 251 159
bottle 0.11293925 108 76 145 132
bottle 0.13979295 328 60 355 137
bottle 0.15183991 244 82 278 156
bottle 0.343778 99 81 156 240
bottle 0.4924517 283 61 309 176
bottle 0.5854349 206 94 242 255
bottle 0.7156009 206 78 235 164
bottle 0.904244 242 85 284 266
bottle 0.99791664 169 66 203 179
