person 0.005289649 426 189 454 250
chair 0.0059179133 477 215 493 229
chair 0.00695003 475 209 497 234
car 0.0077834586 188 214 206 227
car 0.009681498 187 218 226 242
car 0.010111082 181 211 213 233
car 0.011876765 101 227 121 250
car 0.012730118 41 227 82 257
car 0.013124451 31 225 53 237
car 0.014450022 25 227 63 256
car 0.015533647 468 211 500 232
car 0.023695204 56 223 72 234
car 0.024793347 180 215 195 228
car 0.030851884 429 207 464 236
car 0.031289533 117 223 143 244
car 0.035748582 11 230 75 271
car 0.039213844 477 215 493 229
car 0.07000229 54 220 89 239
car 0.07184478 71 224 90 236
car 0.089958824 63 223 82 235
car 0.20987685 34 235 72 265
car 0.7901599 0 238 47 277
car 0.9791975 98 222 141 250
bus 0.0062383753 30 219 98 257
bus 0.0085348645 429 207 464 236
