person 0.0051375753 217 243 264 426
person 0.005300412 152 244 168 288
person 0.0066924165 292 248 302 267
person 0.0071930843 209 243 224 289
person 0.01014924 225 241 234 273
person 0.026982917 128 241 142 290
person 0.032687504 234 241 243 270
person 0.035915833 292 248 305 281
person 0.048896417 300 230 326 329
person 0.09815215 298 245 310 283
person 0.19373403 163 244 192 298
person 0.27193516 142 242 158 292
person 0.6091074 135 240 152 294
person 0.8333574 203 244 219 298
person 0.89571583 308 212 333 449
person 0.96356285 226 243 312 422
person 0.9988288 35 174 145 500
