person 0.02074854 126 145 161 218
person 0.032732125 93 21 132 107
person 0.034290347 118 124 156 201
person 0.8665897 221 259 283 377
motorbike 0.0126231685 95 63 129 144
motorbike 0.013860085 93 21 132 107
motorbike 0.024002232 106 104 166 224
motorbike 0.03033319 126 145 161 218
motorbike 0.21709968 118 124 156 201
car 0.039611556 117 116 153 182
bottle 0.0066648726 117 116 153 182
bicycle 0.009822449 127 184 165 211
bicycle 0.015275837 95 63 129 144
bicycle 0.021781025 126 145 161 218
bicycle 0.028336227 118 124 156 201
bicycle 0.06099802 263 325 292 416
bicycle 0.13541038 221 297 285 372
bicycle 0.79239637 229 321 293 394
