sheep 0.006125752 467 192 500 250
person 0.005555695 209 186 240 242
person 0.005610342 40 175 47 207
person 0.006036025 350 217 365 269
person 0.006426634 3 215 27 265
person 0.00691556 234 197 254 228
person 0.0075472826 293 182 312 221
person 0.008088541 227 177 297 296
person 0.014852475 226 158 354 286
person 0.031697888 245 185 306 239
person 0.14775552 10 168 40 260
person 0.15839075 222 193 246 231
person 0.18471153 262 181 285 210
person 0.22750501 28 172 43 229
person 0.32457122 37 173 48 230
person 0.41388115 254 182 290 221
person 0.9745246 82 113 159 237
person 0.974553 321 169 355 288
person 0.9879913 0 161 27 272
horse 0.027116036 467 200 500 258
horse 0.99968576 46 161 225 320
cow 0.167894 467 200 500 258
car 0.029687295 467 192 500 250
bus 0.024677476 467 200 500 258
