pottedplant 0.009211291 399 128 467 176
pottedplant 0.009914228 457 103 498 170
pottedplant 0.027236981 472 82 500 158
person 0.0052372213 14 137 37 181
person 0.00844025 31 140 63 209
person 0.008596507 45 138 81 169
person 0.011554196 84 149 126 209
person 0.052641295 13 136 46 212
person 0.094780475 33 142 51 177
person 0.16293783 43 139 83 206
chair 0.008520585 72 165 139 210
chair 0.0098602455 180 172 268 214
chair 0.010576778 227 161 262 193
chair 0.011138691 411 135 445 166
chair 0.018258613 88 161 134 194
chair 0.0727915 104 170 179 214
bicycle 0.095413685 399 128 467 176
