train 0.21502988 87 154 483 212
person 0.0050689965 150 79 186 160
person 0.0061193593 421 215 431 237
person 0.0076247063 158 30 240 165
person 0.011857371 152 45 349 154
person 0.011891961 86 210 100 259
person 0.0145221045 409 218 426 271
person 0.017770723 418 214 433 260
person 0.023381982 47 216 62 259
person 0.045471072 101 205 116 247
person 0.0605504 402 221 415 286
person 0.06791068 92 209 111 246
person 0.24094568 54 213 66 264
person 0.4813716 34 213 48 261
person 0.75794417 396 208 425 284
car 0.005145129 85 211 116 243
car 0.006216396 1 205 10 269
car 0.017496424 33 150 482 212
boat 0.006199965 2 107 120 189
boat 0.012397609 381 49 492 159
boat 0.023340065 11 18 500 194
boat 0.02920512 64 118 438 190
boat 0.39521873 87 154 483 212
aeroplane 0.007669278 11 18 500 194
aeroplane 0.01603675 282 19 436 131
aeroplane 0.049401682 381 49 492 159
