person 0.007132976 341 191 356 217
person 0.009952529 40 175 50 194
person 0.010974486 339 187 348 205
person 0.011668461 43 168 59 205
person 0.01947888 394 216 408 237
person 0.69615054 40 176 59 230
person 0.7625291 335 188 352 223
horse 0.03498456 40 190 59 231
dog 0.0068170982 335 188 352 223
dog 0.05365126 40 190 59 231
cow 0.021978332 40 190 59 231
chair 0.005185753 39 188 54 233
car 0.010705759 478 185 497 223
car 0.96662456 412 178 487 233
bus 0.17749164 412 178 487 233
bicycle 0.035898387 40 190 59 231
