sofa 0.08438709 2 128 201 333
sheep 0.006387267 352 65 385 88
person 0.02915646 0 129 14 175
person 0.040456638 255 107 295 176
person 0.04224628 62 106 205 229
person 0.061431594 352 65 385 88
person 0.07103392 0 110 25 171
person 0.09303627 189 99 197 129
person 0.095066324 329 56 355 98
person 0.122297615 31 104 56 144
person 0.13271947 144 141 212 199
person 0.17146558 348 74 387 125
person 0.19715847 323 88 388 142
person 0.2443933 247 127 315 191
person 0.28863326 440 81 498 333
person 0.3379673 323 67 357 130
person 0.49928978 314 117 440 218
person 0.59529334 180 101 196 126
person 0.7546839 279 96 346 189
person 0.75703317 440 35 498 205
person 0.9815977 239 104 281 179
person 0.99939203 4 77 203 333
motorbike 0.0051237894 0 110 25 171
motorbike 0.007882307 180 101 196 126
motorbike 0.015201216 0 129 14 175
horse 0.05550724 180 101 196 126
horse 0.05613287 325 110 459 221
dog 0.017108224 180 101 196 126
diningtable 0.0054644607 138 184 293 305
diningtable 0.25480878 145 173 441 330
cow 0.020916749 352 65 385 88
chair 0.005253 87 140 160 206
chair 0.0071472335 1 196 22 313
chair 0.007436647 1 210 57 333
chair 0.02811958 2 279 94 332
chair 0.1009185 0 235 125 333
chair 0.1845825 2 128 201 333
car 0.005489606 0 129 14 175
car 0.032958914 112 110 148 135
bottle 0.009261925 90 123 130 196
bottle 0.010944762 87 140 160 206
bottle 0.026228044 104 119 144 199
bicycle 0.009251939 174 101 200 126
bicycle 0.01907446 181 111 193 128
