person 0.0056544933 441 75 475 164
person 0.011952139 438 86 459 125
person 0.018137971 194 54 232 108
person 0.027325733 410 72 447 125
person 0.107620984 181 45 218 118
person 0.7573169 447 48 496 202
person 0.9090386 168 37 205 128
person 0.9253082 143 40 179 135
person 0.9990578 13 19 72 181
car 0.0051277997 149 43 215 119
car 0.0052576424 442 87 475 190
car 0.0054050274 420 87 457 123
car 0.012068445 109 66 304 148
car 0.019489525 63 58 119 108
car 0.039878648 449 56 494 214
car 0.04137682 6 13 65 213
car 0.42054412 97 29 247 124
car 0.99998224 8 75 473 351
