tvmonitor 0.0057010152 358 160 465 287
tvmonitor 0.0064959903 262 98 336 138
tvmonitor 0.013179451 412 283 494 347
tvmonitor 0.013556619 25 14 147 101
tvmonitor 0.07983222 401 317 500 375
tvmonitor 0.38199165 410 324 500 375
tvmonitor 0.99779373 167 157 338 313
tvmonitor 0.9992332 0 150 173 327
sofa 0.014003555 25 14 147 101
person 0.005033142 265 103 305 131
person 0.06223267 262 98 336 138
person 0.12724838 23 13 150 84
dog 0.02398447 22 18 154 75
chair 0.008252091 412 283 494 347
chair 0.0138519 25 14 147 101
chair 0.030911054 398 301 500 375
cat 0.0073058708 23 13 150 84
bottle 0.0062598004 7 115 33 155
