pottedplant 0.017192453 65 233 102 267
pottedplant 0.018837089 126 196 167 273
pottedplant 0.023312308 83 136 159 178
pottedplant 0.023853157 87 189 152 317
pottedplant 0.02734973 88 166 122 235
pottedplant 0.03071333 12 202 46 274
pottedplant 0.03192949 178 79 228 279
pottedplant 0.04779942 107 185 140 250
pottedplant 0.0552259 84 59 191 177
pottedplant 0.063900106 0 166 13 220
pottedplant 0.07082993 192 107 247 292
pottedplant 0.079892136 94 45 230 276
pottedplant 0.135397 111 190 128 235
pottedplant 0.15630458 87 87 156 154
pottedplant 0.16031654 0 150 22 251
pottedplant 0.22575833 155 80 207 277
pottedplant 0.4433922 5 96 81 219
pottedplant 0.67528224 9 146 76 206
pottedplant 0.7589425 16 226 79 283
pottedplant 0.91007966 66 232 137 309
chair 0.013277502 110 180 178 294
chair 0.014608801 363 284 500 372
chair 0.020585187 192 116 253 312
chair 0.021939415 126 196 167 273
chair 0.99957514 301 91 462 287
