pottedplant 0.6598265 23 28 315 302
person 0.005028949 419 157 435 173
person 0.0055059996 322 138 358 165
person 0.05525908 359 138 380 169
dog 0.00979008 419 157 435 173
boat 0.0051144175 380 232 397 243
boat 0.0095906705 358 229 404 244
boat 0.011495552 363 214 399 243
boat 0.16878612 419 161 436 174
boat 0.38540524 378 196 395 244
bird 0.005809552 322 138 358 165
bird 0.011127108 378 196 395 244
bird 0.17917435 23 28 315 302
bird 0.18225013 359 138 380 169
bird 0.24925584 419 157 435 173
aeroplane 0.005567348 419 161 436 174
