person 0.006889121 35 198 53 228
person 0.009716388 45 197 59 229
person 0.038153864 18 208 30 231
motorbike 0.009174724 16 205 52 231
motorbike 0.011078858 15 205 32 232
motorbike 0.011637603 0 226 12 275
car 0.005010777 7 197 20 210
car 0.008434781 343 186 361 198
car 0.012004253 16 199 51 229
car 0.17673886 0 226 12 275
bicycle 0.0056035877 0 226 12 275
aeroplane 0.005081914 16 199 51 229
aeroplane 0.007612902 2 191 58 241
aeroplane 0.008199088 343 182 398 201
aeroplane 0.012461568 0 226 12 275
aeroplane 0.012526422 78 193 124 211
aeroplane 0.014581818 343 186 361 198
aeroplane 0.015610637 351 187 367 198
aeroplane 0.027413374 328 181 372 201
aeroplane 0.6891604 385 146 494 221
aeroplane 0.9983975 94 46 420 237
