sheep 0.00893162 31 155 52 168
person 0.013934906 230 166 243 180
person 0.029022336 344 153 362 189
person 0.51605403 349 151 372 190
person 0.8292448 161 154 176 190
motorbike 0.0052509843 161 154 176 190
horse 0.016803825 161 154 176 190
car 0.0050757667 263 163 323 186
car 0.0057596304 256 156 307 173
car 0.0069571617 383 160 431 182
car 0.007334152 357 155 438 191
car 0.008047673 0 147 12 177
car 0.010912989 208 165 378 216
car 0.011078713 225 163 267 179
car 0.011616567 32 152 51 162
car 0.015303545 158 157 199 183
car 0.022819899 260 160 287 171
car 0.02569795 380 132 489 181
car 0.054275487 251 160 297 180
car 0.057636227 0 155 9 171
car 0.061065175 228 163 323 198
car 0.39751452 31 155 52 168
car 0.5553652 371 152 411 180
car 0.74058425 168 157 208 174
car 0.95160395 236 173 440 232
car 0.98478013 58 161 142 219
boat 0.042315423 380 132 489 181
aeroplane 0.014770157 357 141 439 183
aeroplane 0.36158687 380 132 489 181
