tvmonitor 0.012456298 319 199 437 309
tvmonitor 0.06738873 449 205 500 341
sofa 0.009953701 1 128 138 237
pottedplant 0.006217395 220 1 233 20
pottedplant 0.033159718 135 9 165 76
person 0.007560634 94 44 103 66
person 0.013728907 88 44 98 66
person 0.02137331 62 42 80 70
person 0.027979366 1 58 24 93
person 0.71591693 152 119 284 325
diningtable 0.0057986155 319 199 437 309
chair 0.0053878366 449 205 500 341
chair 0.021174992 319 199 437 309
chair 0.6350099 152 119 284 325
chair 0.7444353 218 248 340 367
bottle 0.0056391186 93 211 109 253
