tvmonitor 0.005334046 124 98 148 130
tvmonitor 0.0055656657 137 142 156 180
tvmonitor 0.005962291 474 94 499 182
tvmonitor 0.0060059973 476 113 498 156
person 0.006938876 221 87 255 188
diningtable 0.9492563 140 197 381 333
chair 0.0051136403 125 201 161 305
chair 0.0074135973 128 168 196 306
chair 0.009161357 188 116 215 193
chair 0.009458271 130 122 159 195
chair 0.010920502 248 176 299 203
chair 0.023104362 113 192 141 309
chair 0.026047457 221 87 255 188
chair 0.037915602 262 148 303 204
chair 0.18949407 272 227 389 333
chair 0.6830175 128 207 237 333
bottle 0.0061561954 132 135 160 206
bottle 0.040643588 137 142 156 180
