sheep 0.0070493463 218 157 500 375
pottedplant 0.020166485 49 13 85 68
person 0.98760736 159 61 285 323
diningtable 0.82152593 218 157 500 375
chair 0.021020237 262 133 335 210
chair 0.027010666 141 227 273 371
chair 0.05282014 0 31 126 335
chair 0.09629886 11 168 120 305
chair 0.43265623 148 72 289 363
bottle 0.0069873314 357 263 380 309
bottle 0.008296428 462 102 490 179
bottle 0.009935272 489 99 498 190
bottle 0.010701379 467 61 487 108
bottle 0.049776476 479 94 500 181
bottle 0.09917514 448 165 463 217
bottle 0.16075268 451 137 477 222
bird 0.0075892364 422 30 473 62
