person 0.04393867 409 45 425 92
person 0.04416267 459 40 473 96
person 0.0443385 321 35 343 72
person 0.044601742 361 43 379 98
person 0.045351844 350 34 369 71
person 0.047542706 261 40 273 83
person 0.047652382 303 39 318 80
person 0.049007792 235 36 251 86
person 0.05145262 381 31 401 71
person 0.058091883 388 34 405 88
person 0.06964776 459 35 486 95
person 0.07192009 370 39 387 82
person 0.07298101 276 41 290 83
person 0.10235502 341 29 361 73
person 0.119984776 352 75 385 137
person 0.18734813 294 40 311 82
person 0.19157092 265 40 281 81
person 0.22493024 286 41 301 83
person 0.22598572 337 35 373 93
person 0.45695287 269 85 380 252
motorbike 0.007258005 323 56 386 114
motorbike 0.026775314 179 87 198 115
motorbike 0.02718945 249 134 343 271
motorbike 0.03571498 352 75 385 137
motorbike 0.04910644 316 153 382 320
motorbike 0.36226305 259 106 385 319
car 0.007825818 194 68 216 97
car 0.009320391 322 40 384 90
bicycle 0.005002881 323 56 386 114
bicycle 0.005362341 179 98 194 116
bicycle 0.040309876 352 75 385 137
bicycle 0.05470671 177 90 195 125
