tvmonitor 0.010539561 263 18 359 134
tvmonitor 0.015032586 0 70 84 203
train 0.04434378 439 8 500 302
pottedplant 0.01061411 304 292 443 331
person 0.00566568 103 232 138 262
person 0.0066372724 0 54 66 217
person 0.009407063 196 222 236 253
person 0.012293993 410 88 445 148
person 0.024358705 165 225 235 282
person 0.027458033 183 222 253 326
person 0.028348805 189 206 252 262
person 0.05282827 106 206 190 333
person 0.058901075 204 252 240 324
person 0.16533206 120 176 228 324
person 0.27186313 113 172 181 257
person 0.47336942 11 179 129 332
person 0.53214556 148 225 221 328
person 0.7094186 262 20 348 131
motorbike 0.0062207687 189 206 252 262
bottle 0.008248977 218 259 255 321
bottle 0.023919059 209 281 227 328
bottle 0.048840273 216 283 235 328
bottle 0.06483922 204 252 240 324
