tvmonitor 0.02031007 253 75 333 179
person 0.0053841867 218 181 236 213
person 0.03000554 0 143 291 498
person 0.37441412 100 137 140 201
person 0.9994579 116 41 309 459
motorbike 0.9191469 0 143 331 495
car 0.048510388 229 237 268 275
car 0.24045429 30 29 317 478
bottle 0.005042273 264 160 323 213
bottle 0.0074222097 286 311 309 352
bottle 0.008043051 300 212 325 300
bottle 0.010208323 7 75 111 182
bottle 0.06850303 262 167 326 276
bottle 0.09835695 229 237 268 275
bicycle 0.032027066 26 146 333 492
