person 0.008062901 393 200 432 273
person 0.03285718 350 165 394 233
person 0.08942441 308 203 418 338
person 0.6689653 328 162 394 277
person 0.9050707 220 156 283 229
dog 0.009345028 450 214 494 306
diningtable 0.0069760284 3 184 166 277
diningtable 0.0081603825 170 235 267 272
diningtable 0.014540417 114 279 297 372
diningtable 0.017323336 281 211 353 256
diningtable 0.02949014 111 232 374 313
diningtable 0.047324266 441 204 500 314
diningtable 0.13680881 11 212 125 306
diningtable 0.83339494 68 233 409 371
chair 0.006181885 243 226 288 258
chair 0.0073137614 166 201 190 240
chair 0.007428269 2 193 26 284
chair 0.007578153 126 216 172 244
chair 0.008600252 392 207 432 297
chair 0.011564701 222 186 289 239
chair 0.0123815825 378 209 414 296
chair 0.021856684 412 213 454 294
chair 0.02405689 335 197 408 306
chair 0.02511964 176 203 218 238
chair 0.028581413 94 218 128 247
chair 0.048742864 107 219 185 259
chair 0.057745323 35 220 109 329
chair 0.07437796 474 223 498 318
chair 0.11350917 434 212 472 297
chair 0.188543 0 210 49 302
chair 0.19379193 50 246 117 375
chair 0.7164857 450 214 494 306
chair 0.90664995 300 239 431 371
chair 0.93443996 80 279 257 373
boat 0.005197527 163 180 235 220
