person 0.007273249 472 83 498 375
person 0.008572953 1 125 17 270
person 0.01606499 60 95 297 278
person 0.01959759 446 107 500 366
person 0.7092396 323 96 500 343
person 0.9958525 132 95 451 275
person 0.99940044 0 96 181 346
diningtable 0.46682566 23 270 400 365
chair 0.005845247 486 133 499 375
chair 0.007192854 471 108 498 375
chair 0.019278534 446 139 500 368
bottle 0.009343376 225 233 250 317
bottle 0.15816808 213 249 239 339
bottle 0.59984064 312 237 344 311
bottle 0.84915227 180 262 219 365
