person 0.005042863 100 116 122 152
person 0.006102996 95 102 128 212
person 0.009732227 163 154 206 241
person 0.0109935915 354 250 479 375
person 0.011497894 185 117 205 150
person 0.012568601 195 90 255 156
person 0.014561293 446 78 498 240
person 0.01924452 119 124 134 140
person 0.021947416 481 99 499 256
person 0.023271488 347 96 466 361
person 0.0771083 120 143 211 286
person 0.10069502 115 120 130 151
person 0.21281421 327 95 391 267
person 0.52870834 392 73 484 243
person 0.63178176 203 129 317 258
person 0.9161617 187 94 263 224
person 0.9279673 23 81 118 243
person 0.9287512 339 73 406 353
person 0.9797241 285 104 351 244
person 0.9827991 106 86 207 229
diningtable 0.9553049 11 233 389 370
chair 0.006284261 375 259 459 331
chair 0.7174315 377 256 486 375
