tvmonitor 0.00509167 271 126 290 139
tvmonitor 0.014664981 233 106 251 140
sofa 0.008058994 0 188 111 309
sofa 0.12009124 2 239 121 333
sofa 0.99374557 356 163 496 326
person 0.013692954 136 103 142 118
person 0.017944863 489 96 499 148
person 0.03823859 234 91 249 135
person 0.19294114 237 92 248 114
diningtable 0.005035055 0 277 97 332
diningtable 0.01093092 222 127 259 186
diningtable 0.018175894 209 176 297 317
diningtable 0.12023585 224 134 299 187
diningtable 0.21049894 181 132 311 212
diningtable 0.65389305 184 133 255 191
chair 0.007308293 0 148 52 284
chair 0.008071928 1 281 71 332
chair 0.009298276 2 32 119 298
chair 0.0105607165 270 124 292 159
chair 0.0124395 199 124 215 139
chair 0.012492483 208 124 223 140
chair 0.013569681 0 221 92 288
chair 0.014628298 231 115 256 145
chair 0.018036116 2 152 24 281
chair 0.050497696 271 126 290 139
chair 0.06123329 218 141 294 248
chair 0.06563203 0 213 44 290
chair 0.068503186 222 127 259 186
chair 0.10537208 246 131 281 186
chair 0.22088031 2 239 121 333
chair 0.8741933 192 132 239 206
chair 0.8881354 260 134 299 192
chair 0.89965826 277 133 310 192
chair 0.9314874 207 166 290 301
chair 0.965882 184 133 219 194
bottle 0.009105404 136 103 142 118
bottle 0.015977448 237 92 248 114
