pottedplant 0.06418514 138 1 174 35
person 0.0057915305 374 8 385 28
person 0.007252924 341 0 358 13
person 0.007741819 360 2 380 33
person 0.011445517 338 1 350 13
person 0.9136121 330 18 469 134
motorbike 0.0050564366 361 3 397 32
motorbike 0.011588793 138 1 174 35
motorbike 0.015734358 7 33 163 166
motorbike 0.97208536 313 50 492 161
motorbike 0.9999114 42 35 444 337
car 0.005811821 82 20 169 57
car 0.008571399 335 0 368 20
car 0.0088327285 341 0 358 13
car 0.03355844 0 14 172 150
boat 0.57428724 0 14 172 150
bicycle 0.0056539527 138 1 174 35
bicycle 0.00602128 351 3 390 32
bicycle 0.08009049 7 33 163 166
bicycle 0.16340363 294 53 468 152
