tvmonitor 0.005122198 212 186 248 215
tvmonitor 0.005965403 215 196 227 209
tvmonitor 0.21914959 208 188 229 209
tvmonitor 0.99767023 144 206 207 264
sofa 0.46892208 257 274 375 377
sheep 0.008240864 257 274 375 377
pottedplant 0.0051200218 273 183 284 196
pottedplant 0.0053876634 279 179 339 229
pottedplant 0.0061744256 284 180 294 194
pottedplant 0.006403115 328 116 366 144
pottedplant 0.0074438113 291 174 307 188
pottedplant 0.008232544 311 186 323 204
pottedplant 0.010465057 307 182 326 212
pottedplant 0.014310948 294 167 315 194
pottedplant 0.021644613 33 169 64 242
pottedplant 0.022176176 298 172 313 187
pottedplant 0.027930686 4 124 37 243
pottedplant 0.03564452 292 178 306 195
pottedplant 0.044878863 300 177 314 195
pottedplant 0.050971523 312 181 321 197
pottedplant 0.058250412 7 203 33 250
pottedplant 0.0861819 289 174 327 199
pottedplant 0.5650783 38 204 64 245
diningtable 0.020024465 277 204 342 266
diningtable 0.03132794 294 186 330 258
diningtable 0.093750335 263 193 324 255
chair 0.006044962 257 274 375 377
chair 0.011070846 268 195 291 256
chair 0.03828949 308 206 347 274
chair 0.041068155 294 186 330 258
chair 0.7166939 273 186 306 263
