person 0.0063492884 488 116 500 167
person 0.0075492575 187 76 265 122
person 0.01181204 484 75 500 165
person 0.04909494 491 86 500 160
person 0.051439695 187 119 230 199
person 0.0895937 374 103 463 170
person 0.8289356 408 70 450 158
person 0.9254069 198 80 276 200
person 0.9682056 86 87 174 228
person 0.9843118 291 89 356 185
motorbike 0.009635535 484 75 500 165
motorbike 0.030212222 488 104 500 161
motorbike 0.12942207 218 149 267 225
motorbike 0.64380753 188 136 228 207
motorbike 0.685377 195 128 279 222
motorbike 0.7762157 374 103 463 170
motorbike 0.9462347 83 134 179 265
motorbike 0.9540642 287 102 360 203
car 0.0051030125 187 76 265 122
car 0.020835904 488 104 500 161
car 0.13241628 228 78 265 104
bicycle 0.011442719 488 116 500 167
