sofa 0.01200893 156 184 194 253
sofa 0.050947778 343 252 484 372
sofa 0.0660891 183 183 256 325
sofa 0.09850131 92 175 165 253
sofa 0.22237249 29 234 205 376
pottedplant 0.017325666 156 184 194 253
pottedplant 0.026126316 161 184 192 220
diningtable 0.007814976 157 185 193 281
diningtable 0.024355013 156 182 262 282
chair 0.08199741 157 185 193 281
chair 0.45645997 183 183 256 325
chair 0.49027157 92 175 165 253
chair 0.89369434 258 159 302 230
chair 0.97172076 39 247 194 376
chair 0.98001474 343 252 484 372
