person 0.0052640713 245 201 319 270
person 0.00583299 275 182 354 293
person 0.010033175 0 243 72 312
person 0.017040567 143 217 424 325
person 0.5759339 108 79 182 269
person 0.76323855 199 181 376 298
person 0.9078893 240 115 496 323
person 0.97629684 113 70 256 317
dog 0.0061877356 2 184 122 295
dog 0.5722705 0 243 72 312
diningtable 0.08870797 1 158 128 261
cow 0.005254757 0 243 72 312
chair 0.005344399 143 217 424 325
chair 0.03426775 199 181 376 298
cat 0.05311547 0 242 81 312
bottle 0.02321265 46 116 57 168
