sofa 0.07839811 52 0 458 374
person 0.0075098807 0 177 23 332
person 0.008833972 129 304 283 372
person 0.010283154 221 298 434 362
person 0.011055188 29 314 106 374
person 0.024138361 197 334 235 374
person 0.031792376 9 291 51 373
person 0.038073815 158 324 247 373
person 0.25860456 178 0 480 375
person 0.29734996 137 157 229 345
person 0.32090095 27 298 68 373
person 0.34017926 0 148 49 360
person 0.64347434 48 289 130 375
person 0.7713391 120 302 199 370
horse 0.10588371 162 37 492 375
dog 0.0055070436 157 169 435 363
dog 0.009135166 118 303 182 369
dog 0.9823834 174 0 487 375
cow 0.027006561 162 37 492 375
chair 0.016428208 120 50 478 375
