sofa 0.013203495 3 257 117 364
sofa 0.015552893 68 188 356 338
pottedplant 0.008166423 15 238 89 286
pottedplant 0.008770155 1 254 87 371
pottedplant 0.015133568 478 209 498 255
pottedplant 0.01648622 477 206 499 339
pottedplant 0.017197547 40 267 80 303
pottedplant 0.043373864 12 259 86 320
pottedplant 0.060552947 473 197 500 275
pottedplant 0.1976654 32 258 79 284
pottedplant 0.38556743 31 252 93 297
person 0.0066785803 1 249 65 297
person 0.041596938 2 268 49 358
person 0.049776625 0 249 31 285
person 0.40355814 3 257 117 364
diningtable 0.010574953 26 263 104 314
diningtable 0.012676229 44 279 130 341
diningtable 0.0127952555 390 236 494 368
diningtable 0.058152173 2 277 119 375
chair 0.008830318 2 277 119 375
chair 0.008940897 478 223 499 363
chair 0.00933723 88 261 129 331
chair 0.012673328 44 279 130 341
chair 0.013844126 0 249 31 285
chair 0.014672977 405 223 496 362
chair 0.016485646 2 320 86 374
chair 0.03726936 6 252 62 372
