person 0.005177537 441 242 457 303
person 0.0055502397 11 187 349 478
person 0.0074691684 454 212 483 306
person 0.007792193 481 205 498 314
person 0.01951451 342 199 372 314
person 0.020004028 407 242 422 302
person 0.024766402 439 220 453 292
person 0.33790356 365 204 397 317
person 0.34383827 398 234 423 315
person 0.5524552 335 187 370 254
person 0.680759 439 215 464 304
person 0.99576265 178 166 303 467
motorbike 0.00797994 365 222 399 329
motorbike 0.47559485 11 187 349 478
car 0.006014483 183 212 210 241
car 0.008367742 27 179 397 480
car 0.010038129 130 180 199 234
