person 0.005818908 196 61 238 95
person 0.007503563 142 61 162 93
person 0.007530577 101 44 244 122
person 0.008538942 0 83 143 239
person 0.009028844 184 46 263 95
person 0.012031447 280 89 465 233
person 0.012405207 145 63 158 82
person 0.017972104 148 46 213 112
person 0.019869423 106 56 179 116
person 0.023524582 336 74 454 170
person 0.023875505 0 129 19 275
person 0.10302676 90 45 131 117
person 0.18967508 32 42 140 158
person 0.23342158 1 144 50 287
person 0.5796154 156 40 193 99
person 0.8111932 45 50 119 123
person 0.85337573 204 46 267 156
person 0.976119 338 67 406 138
horse 0.0071921344 184 46 299 165
horse 0.0111732045 70 84 191 230
horse 0.014985394 336 79 407 151
horse 0.9091876 3 70 170 247
horse 0.9912084 278 97 471 249
horse 0.99899286 126 60 319 248
