sheep 0.005432872 212 213 221 224
sheep 0.008461781 405 195 415 206
sheep 0.01089351 479 227 491 238
sheep 0.011985813 91 286 111 296
sheep 0.01289364 370 267 385 278
sheep 0.013216444 67 291 98 310
sheep 0.013566255 440 274 454 283
sheep 0.017379725 313 272 327 280
sheep 0.018847104 367 270 379 280
sheep 0.047503423 458 271 493 287
sheep 0.047780737 335 272 347 281
sheep 0.049391717 69 298 91 313
sheep 0.14468578 464 275 486 286
sheep 0.25535268 90 285 111 310
sheep 0.3222633 403 270 420 281
sheep 0.3592002 264 264 278 273
sheep 0.4099044 116 290 135 313
sheep 0.9647133 70 285 108 314
