tvmonitor 0.011898311 2 182 118 311
train 0.010860767 14 26 419 326
sofa 0.04119218 157 172 489 333
sofa 0.43849006 0 86 496 309
person 0.02069968 0 86 496 309
person 0.99473286 32 22 289 329
chair 0.005028619 2 182 118 311
chair 0.0075854165 26 43 300 333
chair 0.083733104 0 162 500 325
bottle 0.005337925 11 27 40 86
bottle 0.0080485055 38 36 52 77
bottle 0.012618134 15 34 30 77
bottle 0.016437596 5 33 21 78
bottle 0.041528426 1 22 9 87
bottle 0.04950689 43 39 62 75
boat 0.0054187495 0 162 500 325
