sofa 0.0062570823 140 234 179 270
pottedplant 0.008586788 184 227 234 256
pottedplant 0.01892259 182 226 257 275
diningtable 0.016575187 128 271 248 375
diningtable 0.73987955 131 247 349 367
chair 0.0075109685 110 238 141 312
chair 0.010304178 196 228 280 275
chair 0.0103937145 327 253 383 365
chair 0.010750649 41 234 68 358
chair 0.013964682 354 239 388 354
chair 0.025408316 79 230 121 285
chair 0.030635051 237 230 275 317
chair 0.050090086 283 237 353 277
chair 0.05911015 315 238 350 274
chair 0.112668425 234 234 274 269
chair 0.1622968 116 238 181 350
chair 0.21451542 40 246 94 366
chair 0.3394134 140 234 179 270
chair 0.3401374 228 222 288 363
chair 0.3882804 136 235 181 308
chair 0.5953309 46 252 154 375
chair 0.6279437 151 272 247 375
chair 0.93300396 265 257 374 375
