person 0.011185507 99 375 108 399
person 0.017743539 172 372 180 390
person 0.0249219 73 370 80 392
person 0.029043512 131 377 138 399
person 0.033645 176 379 188 394
car 0.005688627 359 355 372 365
car 0.014323551 176 375 188 390
aeroplane 0.0066631013 170 350 214 368
aeroplane 0.007230977 208 356 232 365
aeroplane 0.0074390555 359 355 372 365
aeroplane 0.007711076 221 355 242 365
aeroplane 0.009044164 173 343 231 364
aeroplane 0.009167987 334 357 358 366
aeroplane 0.009495865 183 356 202 365
aeroplane 0.010990039 3 349 54 367
aeroplane 0.012718967 284 340 375 373
aeroplane 0.013580028 229 356 251 366
aeroplane 0.0142749315 194 356 210 366
aeroplane 0.015825847 201 357 222 365
aeroplane 0.021806268 213 352 265 368
aeroplane 0.027733415 241 352 298 366
aeroplane 0.03267302 276 357 302 367
aeroplane 0.052864734 194 351 248 367
aeroplane 0.077155784 285 353 349 368
aeroplane 0.12538737 263 353 313 368
aeroplane 0.19017929 318 352 372 369
aeroplane 0.99243075 40 323 205 393
