person 0.040385604 2 169 23 266
person 0.04427616 380 159 498 303
person 0.049025137 12 156 51 235
person 0.050491296 0 136 12 189
person 0.060735818 0 214 22 296
person 0.07501063 3 135 25 218
person 0.087028004 273 163 316 225
person 0.104637034 66 173 197 260
person 0.14622918 217 171 354 270
person 0.18726815 3 138 23 172
person 0.37619275 8 133 42 191
person 0.43925086 241 155 310 227
person 0.63616806 158 163 196 217
person 0.87534446 112 155 164 229
person 0.8806002 263 185 405 283
person 0.9107135 184 54 268 209
person 0.9517598 63 155 120 265
person 0.9794555 63 104 122 220
person 0.98334765 14 167 67 271
person 0.99537176 289 95 344 213
car 0.009895202 291 163 500 351
car 0.027454741 380 159 498 303
car 0.95189494 0 149 495 375
