tvmonitor 0.0055325096 246 131 287 164
tvmonitor 0.005811799 213 115 258 142
tvmonitor 0.005851647 209 133 242 162
tvmonitor 0.0062170424 326 177 344 215
tvmonitor 0.007598909 150 155 208 198
tvmonitor 0.0085373605 208 104 278 152
tvmonitor 0.013117043 310 139 356 173
tvmonitor 0.014173536 270 210 317 239
tvmonitor 0.018215878 269 191 328 246
tvmonitor 0.020324873 214 126 257 151
tvmonitor 0.025972473 195 212 276 289
tvmonitor 0.028176 184 107 206 146
tvmonitor 0.043051463 299 141 379 182
tvmonitor 0.048092104 234 275 390 384
tvmonitor 0.04988734 262 128 305 163
tvmonitor 0.0795395 236 177 322 223
tvmonitor 0.72283584 172 182 301 289
diningtable 0.011789398 236 177 322 223
chair 0.0051174923 318 179 347 251
chair 0.0055263345 209 133 242 162
chair 0.012856913 269 191 328 246
chair 0.015926376 300 185 337 250
chair 0.026860101 292 247 367 307
car 0.0070024687 321 142 361 173
car 0.015395312 172 182 301 289
car 0.03420496 312 143 393 187
car 0.059855897 234 276 361 390
bottle 0.42441916 234 276 361 390
