tvmonitor 0.005455365 43 140 78 172
sofa 0.0075565097 43 140 223 230
pottedplant 0.02641857 138 133 157 157
person 0.01904854 366 101 500 364
diningtable 0.0070330272 43 140 223 230
diningtable 0.07398086 222 214 496 361
diningtable 0.9427615 170 160 409 375
chair 0.0059844293 366 101 500 364
chair 0.006624321 143 169 197 310
chair 0.010908182 481 215 498 371
chair 0.017838532 371 166 497 292
chair 0.018929046 436 215 499 372
chair 0.022694478 140 154 224 190
chair 0.024016146 357 166 432 338
chair 0.027756914 165 136 233 180
chair 0.06213411 201 144 232 179
chair 0.07487978 222 214 496 361
chair 0.19914609 183 120 205 149
chair 0.23106176 170 160 409 375
chair 0.5135099 370 163 429 221
chair 0.54366124 295 149 349 199
chair 0.80988526 148 178 223 359
chair 0.94130576 197 218 328 375
chair 0.989044 356 237 498 375
bottle 0.022265129 141 136 155 155
