sofa 0.005299616 315 266 375 408
sofa 0.008323253 0 7 89 168
pottedplant 0.006641108 0 0 58 59
pottedplant 0.024380695 6 0 53 27
pottedplant 0.869623 274 98 320 180
person 0.00533552 26 311 70 397
person 0.0063012014 6 356 44 436
person 0.006636606 0 388 25 480
person 0.007982138 11 305 78 445
person 0.023694076 259 228 291 300
person 0.02489171 202 220 225 256
person 0.05391896 230 244 288 358
person 0.07907743 0 349 58 481
horse 0.41421333 9 311 79 478
dog 0.0063929204 26 330 66 416
dog 0.010195887 315 301 356 370
dog 0.025357576 14 296 77 419
dog 0.1138311 27 309 88 481
diningtable 0.0060893497 177 253 260 308
diningtable 0.009079912 311 179 348 265
diningtable 0.011297034 301 174 368 229
diningtable 0.02219792 334 200 373 285
diningtable 0.025571484 323 205 375 350
diningtable 0.042090956 165 246 278 348
diningtable 0.07925496 196 372 275 491
diningtable 0.08723521 307 174 364 305
chair 0.006895813 242 280 310 473
chair 0.007400705 332 182 372 260
chair 0.010061139 281 175 317 261
chair 0.012246708 0 406 42 493
chair 0.012657265 168 233 225 364
chair 0.016168617 145 353 211 475
chair 0.01887068 301 176 331 264
chair 0.021145133 321 219 375 380
chair 0.062284105 313 210 350 300
chair 0.063747995 257 230 291 328
chair 0.06381425 336 215 375 299
chair 0.07924035 307 268 367 405
chair 0.08958378 311 179 348 265
chair 0.1323685 196 372 275 491
chair 0.15678735 7 361 75 500
chair 0.28651208 307 174 364 305
chair 0.32932848 164 293 217 368
chair 0.40424028 315 301 356 370
chair 0.8938888 230 280 286 360
chair 0.9197618 247 370 312 495
cat 0.0059980857 11 305 78 445
