person 0.0134521695 354 137 369 176
person 0.014712537 479 145 495 183
person 0.014908847 245 144 275 224
person 0.016215272 489 137 500 190
person 0.017330686 209 145 229 183
person 0.017541718 229 158 265 232
person 0.020437999 327 155 343 187
person 0.025261745 447 143 463 183
person 0.025645662 408 165 429 204
person 0.05310913 386 184 433 251
person 0.07226583 126 123 146 152
person 0.08468138 158 163 203 240
person 0.11450693 142 194 261 280
person 0.15088855 359 138 378 185
person 0.3377513 363 138 396 215
person 0.36857712 341 135 356 179
person 0.6562222 333 144 353 183
person 0.6651488 374 152 418 234
person 0.9185854 165 159 227 275
person 0.95821744 255 156 291 247
motorbike 0.18690248 330 153 351 188
car 0.006702222 207 145 244 183
car 0.0071241963 353 147 429 212
car 0.007867407 343 135 412 187
bicycle 0.0066038244 242 170 285 250
bicycle 0.009679278 206 191 286 244
bicycle 0.029574428 361 159 397 226
bicycle 0.10148129 358 163 433 230
bicycle 0.13823023 330 153 351 188
bicycle 0.678623 227 200 320 263
bicycle 0.8141557 135 206 263 294
bicycle 0.9966169 367 193 444 262
