person 0.061320882 133 71 472 280
boat 0.005829792 0 69 7 126
boat 0.021549396 101 47 143 113
boat 0.021934953 77 39 140 93
boat 0.15771319 0 21 135 125
bird 0.0064100507 22 140 66 171
bird 0.015546755 26 150 76 180
bird 0.02654709 11 160 61 187
bird 0.037543036 11 112 76 171
bird 0.15492275 10 150 74 200
aeroplane 0.005148598 89 76 135 98
aeroplane 0.0054542613 118 77 142 114
aeroplane 0.009705919 102 90 138 120
aeroplane 0.012465018 4 112 64 171
aeroplane 0.014413002 5 151 65 205
aeroplane 0.014968772 131 70 145 89
aeroplane 0.02078548 92 76 153 123
aeroplane 0.030461196 3 98 120 202
aeroplane 0.05289409 13 134 75 189
aeroplane 0.054878224 1 51 133 164
aeroplane 0.05515134 197 78 278 134
aeroplane 0.0563857 101 47 143 113
aeroplane 0.10084911 110 70 147 101
aeroplane 0.22192572 151 62 274 158
aeroplane 0.42126983 153 66 216 137
aeroplane 0.99961305 141 37 484 264
