tvmonitor 0.031227095 86 46 133 123
tvmonitor 0.04789003 2 42 80 160
tvmonitor 0.58401537 69 24 145 142
person 0.8972451 264 162 336 314
person 0.9746489 145 48 250 345
dog 0.18955395 261 177 338 321
diningtable 0.04884989 437 188 500 358
diningtable 0.11036515 386 226 499 370
chair 0.0064930785 352 317 446 374
chair 0.0072670896 486 129 499 343
chair 0.008073861 386 226 499 370
chair 0.015659519 440 246 500 375
chair 0.03691058 453 144 499 221
chair 0.04850604 269 176 353 322
chair 0.05743545 351 243 455 370
chair 0.12634844 435 152 500 353
