person 0.020697663 370 77 390 115
person 0.022486303 14 55 81 107
person 0.023092346 331 71 353 103
person 0.030374095 394 74 424 146
person 0.032677468 417 82 436 130
person 0.034919605 0 65 23 171
person 0.046138473 449 81 464 143
person 0.06212509 1 65 25 103
person 0.06539198 358 75 381 116
person 0.082930036 458 61 491 151
person 0.14210375 322 65 355 120
person 0.17801522 431 80 448 142
person 0.28347874 337 72 361 112
person 0.29050204 11 54 80 178
person 0.43965152 361 66 394 129
person 0.56943536 318 65 343 101
person 0.7638181 0 152 86 322
person 0.84851444 437 74 459 148
person 0.9541759 469 54 499 180
person 0.9735854 377 60 416 140
chair 0.015688045 0 223 115 333
car 0.005509268 1 60 115 177
car 0.0056693484 139 2 263 42
car 0.0061686775 249 4 296 31
car 0.011121335 361 65 425 135
car 0.011516169 1 62 30 92
car 0.013363159 91 60 252 174
car 0.015999312 9 54 194 150
car 0.16257147 1 46 249 224
car 0.99971396 71 37 490 325
