person 0.005313983 320 149 362 235
person 0.007682858 327 136 350 178
person 0.008836583 491 172 499 234
person 0.016173264 291 139 328 214
person 0.03979167 136 177 179 244
person 0.053375486 341 147 364 182
person 0.1686097 236 143 285 280
person 0.7579095 323 139 362 191
person 0.858538 273 141 327 264
person 0.8804218 258 145 290 260
person 0.9951456 102 159 153 296
person 0.9988064 9 145 51 287
person 0.9989098 215 147 263 285
person 0.99935234 59 146 108 298
car 0.008642347 477 192 500 274
car 0.0092311865 265 158 333 233
car 0.010171427 198 149 258 280
car 0.010392299 244 166 407 268
car 0.012560603 440 171 496 222
car 0.016637994 67 163 204 267
car 0.056711856 161 178 240 242
car 0.08621352 107 158 171 280
car 0.13459131 136 164 286 257
car 0.29456842 136 177 179 244
car 0.9988157 287 171 500 286
