sofa 0.012132739 397 306 497 344
sofa 0.61482924 211 255 466 366
pottedplant 0.015882598 138 155 232 193
pottedplant 0.04848087 173 158 220 186
person 0.007952061 0 165 56 272
person 0.0133683905 1 165 24 267
person 0.026644088 6 176 43 206
person 0.0388472 3 172 54 224
person 0.044581108 139 171 156 189
person 0.06824477 16 170 51 200
dog 0.04601949 384 307 493 342
diningtable 0.012545881 0 213 114 322
diningtable 0.44907784 2 224 62 329
chair 0.006274678 381 269 498 354
chair 0.007033671 0 175 22 297
chair 0.03247909 388 300 489 341
chair 0.32978547 224 257 486 363
chair 0.44138855 1 220 28 328
chair 0.7495248 2 224 62 329
cat 0.19493516 384 307 493 342
