sofa 0.0066226833 0 168 500 240
sofa 0.593561 2 71 496 230
pottedplant 0.0082222745 199 5 213 22
pottedplant 0.010427934 190 1 223 26
person 0.006285427 32 88 319 170
person 0.00710626 0 168 500 240
person 0.008944767 344 102 434 169
person 0.0112866545 333 94 411 144
person 0.3119242 283 86 445 176
person 0.4693595 155 80 417 171
person 0.96737117 52 50 440 208
horse 0.008805107 0 44 446 214
dog 0.007864218 28 17 386 72
dog 0.015802825 30 81 402 170
chair 0.032275226 2 71 496 230
boat 0.012477884 2 71 496 230
