sheep 0.0077657904 118 226 292 375
person 0.0063490034 0 211 8 271
person 0.00948947 0 186 6 256
person 0.59428704 241 153 339 375
person 0.8505926 150 108 252 369
motorbike 0.011223948 0 187 17 285
motorbike 0.011432774 0 211 8 271
motorbike 0.014591287 216 224 349 375
motorbike 0.01742473 147 128 256 375
motorbike 0.6357755 114 222 303 373
horse 0.006362874 445 229 500 375
cow 0.0073635527 449 178 500 368
car 0.0050796554 0 180 6 245
car 0.008563806 0 217 7 282
bicycle 0.005515566 0 187 17 285
bicycle 0.006521591 216 224 349 375
bicycle 0.023341825 0 211 8 271
bicycle 0.27667582 118 226 292 375
