pottedplant 0.0050269933 153 285 212 326
pottedplant 0.060497843 163 287 195 321
person 0.008908359 100 247 119 284
person 0.011346152 201 289 218 320
person 0.083056696 174 285 196 314
car 0.0071354588 309 240 374 261
car 0.007723492 401 240 452 258
car 0.01148254 276 223 311 249
car 0.016729733 457 143 476 154
car 0.031879816 167 245 229 272
boat 0.0050392416 0 76 129 191
boat 0.005219687 94 236 165 278
boat 0.012093145 101 242 119 279
boat 0.0136294 276 223 311 249
boat 0.014568745 163 287 195 321
boat 0.015900135 185 285 300 325
boat 0.043650106 167 245 229 272
boat 0.35151693 115 248 162 276
aeroplane 0.009126719 0 76 129 191
aeroplane 0.01010925 430 118 483 150
aeroplane 0.011302009 447 128 485 154
aeroplane 0.018535376 411 125 447 155
aeroplane 0.044714883 221 87 433 191
aeroplane 0.34153074 12 85 473 231
aeroplane 0.6482869 409 111 500 160
aeroplane 0.9472195 118 102 378 217
