pottedplant 0.0051603783 66 206 134 261
pottedplant 0.009143444 80 0 264 309
pottedplant 0.014192431 31 74 108 243
pottedplant 0.015221732 0 41 55 235
pottedplant 0.01667205 293 244 420 369
pottedplant 0.018685821 2 49 22 194
pottedplant 0.18056639 19 20 156 263
pottedplant 0.36389217 47 144 128 251
pottedplant 0.44427606 86 0 415 375
person 0.0070349947 368 187 411 315
diningtable 0.0108859725 0 162 56 274
chair 0.007761758 56 181 124 253
chair 0.06929732 2 164 28 270
chair 0.19181825 0 162 56 274
bottle 0.016705574 368 187 411 315
bird 0.0057523544 368 187 411 315
