train 0.006545815 3 133 63 190
train 0.9979514 86 71 401 285
person 0.0051764087 181 151 192 170
person 0.005875176 174 151 183 170
person 0.0059593623 459 167 490 194
person 0.0059760874 101 151 117 191
person 0.006354328 131 150 146 191
person 0.007149371 38 156 53 190
person 0.008648296 65 152 79 191
person 0.009154253 82 152 105 190
person 0.017144054 471 164 481 185
person 0.01906248 54 155 67 192
person 0.057728168 467 164 482 196
person 0.6577644 47 155 60 190
car 0.0050824033 454 168 482 193
