person 0.007257629 0 260 21 367
person 0.0075599886 177 67 201 109
person 0.5805701 175 66 215 128
person 0.9518968 154 102 274 243
person 0.99476916 343 63 493 287
person 0.9994415 29 104 243 375
diningtable 0.006514358 35 133 289 365
diningtable 0.0076770796 173 230 493 375
chair 0.0072220475 479 151 495 214
chair 0.008055886 14 122 200 375
chair 0.014973485 0 260 21 367
chair 0.018937685 344 156 372 239
bottle 0.0057310318 164 105 171 131
bottle 0.0059997872 134 56 142 71
bottle 0.012456342 128 55 135 73
bottle 0.014882381 0 248 7 348
bottle 0.037388865 0 260 21 367
bottle 0.9999572 424 199 455 297
