person 0.0051335697 0 75 30 375
person 0.0051529612 434 24 499 291
person 0.016247652 14 68 83 133
person 0.016795794 350 52 407 180
person 0.030878466 3 9 103 294
person 0.08875876 413 0 500 129
person 0.12116642 3 48 86 193
person 0.15391248 93 8 251 109
person 0.15881263 346 25 470 187
person 0.2403352 0 12 51 375
person 0.858391 383 0 498 235
diningtable 0.99034524 12 68 499 375
chair 0.11906545 93 8 251 109
bottle 0.0050024 35 91 74 120
bottle 0.0064043687 30 79 70 155
bottle 0.029692154 42 81 80 113
bottle 0.035357896 3 48 86 193
bottle 0.08106824 14 68 83 133
