person 0.0076670866 84 24 100 72
person 0.008124062 336 45 347 64
person 0.012944759 119 16 140 62
person 0.0144346235 206 34 224 60
person 0.017588247 255 32 294 87
person 0.018443715 91 16 111 62
person 0.020856362 345 41 354 62
person 0.021947635 239 30 256 66
person 0.027788868 33 31 55 67
person 0.036286555 62 23 80 75
person 0.03727292 55 28 72 71
person 0.047921225 130 29 149 64
person 0.05039925 180 45 300 131
person 0.08319568 24 30 44 66
person 0.09038257 225 32 241 62
person 0.24763067 219 32 235 60
person 0.34734324 245 29 262 68
person 0.66202813 147 17 182 67
person 0.6672197 101 11 136 65
person 0.8882223 65 13 95 111
motorbike 0.005406748 188 38 225 59
motorbike 0.0095716175 21 35 64 64
car 0.009239006 345 41 354 62
car 0.010852737 336 41 348 62
car 0.014928762 10 35 20 49
car 0.017532978 368 43 388 57
car 0.018829387 355 44 369 59
car 0.024072865 254 34 293 66
car 0.026177585 16 36 31 63
car 0.033283163 210 33 242 59
car 0.041925404 243 32 309 82
car 0.046543807 352 42 389 60
car 0.059217054 360 44 380 58
car 0.059662133 311 34 350 62
car 0.09938327 180 45 300 131
car 0.09970417 24 30 44 66
car 0.34825045 8 38 23 58
car 0.45227084 188 38 225 59
car 0.6087492 21 35 64 64
car 0.7725378 283 32 326 68
car 0.99406254 343 37 493 165
car 0.99996364 16 36 493 307
