tvmonitor 0.008819474 0 133 18 267
pottedplant 0.0069487137 416 112 498 164
person 0.006827227 127 163 362 373
person 0.010156067 358 129 402 164
person 0.016565407 1 199 291 375
person 0.020206181 354 146 426 211
person 0.026534483 42 150 128 322
person 0.028482676 287 336 386 375
person 0.03029205 349 161 431 308
person 0.07514646 376 153 418 238
person 0.1329363 343 133 414 258
person 0.23812914 339 120 380 174
person 0.403384 76 121 177 280
person 0.52796274 336 123 412 186
person 0.69294727 7 160 113 375
person 0.91515416 265 102 345 185
person 0.934435 124 116 196 270
person 0.95110726 211 101 256 206
person 0.9804957 174 114 233 232
person 0.9922554 334 163 494 373
diningtable 0.9663945 15 202 345 375
chair 0.02189075 361 218 500 373
