pottedplant 0.0054692402 0 206 59 261
pottedplant 0.007259164 1 129 21 264
pottedplant 0.25530526 1 124 60 263
person 0.0447398 119 88 229 375
person 0.046891462 195 51 239 146
person 0.051855724 321 84 354 150
person 0.0545743 143 113 194 240
person 0.07413842 271 59 299 96
person 0.14931884 375 100 413 170
person 0.33662316 184 44 226 119
person 0.36194143 148 105 208 337
person 0.3728925 297 70 334 133
person 0.38467708 239 46 278 110
person 0.67781276 346 48 390 124
person 0.7545167 120 46 163 109
person 0.75732404 268 59 302 137
person 0.7875516 334 75 380 360
person 0.9168248 150 38 190 114
person 0.9516886 187 90 244 354
person 0.9597006 231 74 291 357
person 0.9737633 362 94 417 345
person 0.97537285 285 96 344 365
person 0.9861678 70 100 181 372
diningtable 0.005504322 435 141 468 224
diningtable 0.010344495 417 168 450 253
diningtable 0.21578467 406 159 470 228
chair 0.005900547 457 150 474 215
chair 0.008713661 412 149 479 216
chair 0.06242507 408 120 466 243
chair 0.067179225 453 152 482 237
chair 0.7168432 434 151 468 238
chair 0.7832309 417 153 453 237
bottle 0.0072325743 375 200 388 262
bottle 0.007593681 278 254 290 323
bottle 0.008820594 380 193 392 250
bottle 0.009442467 248 150 258 218
bottle 0.012776493 285 96 344 365
