tvmonitor 0.8422784 136 102 193 160
sofa 0.0069295955 22 195 141 290
sofa 0.022086212 18 209 118 253
sofa 0.06935913 410 275 500 334
sofa 0.2576695 5 219 111 332
person 0.011306097 444 47 497 186
person 0.019358654 449 78 497 311
person 0.027444215 437 75 468 164
person 0.036374524 361 34 430 162
chair 0.0055513405 130 183 190 239
chair 0.0059372615 330 159 355 265
chair 0.0074271476 0 215 22 258
chair 0.009278414 296 174 330 256
chair 0.013492731 1 206 13 270
chair 0.023243703 341 152 365 279
chair 0.36322844 410 275 500 334
bottle 0.010093703 447 29 462 82
bicycle 0.023697581 296 174 330 256
