sheep 0.005324054 271 116 293 134
sheep 0.0053591053 361 113 380 120
sheep 0.006101388 453 113 466 119
sheep 0.0065720463 268 118 287 147
sheep 0.0068012835 245 159 357 199
sheep 0.011456598 285 112 304 122
sheep 0.012880082 228 100 264 114
sheep 0.016477982 229 104 247 114
sheep 0.02061443 458 112 471 118
sheep 0.024390036 292 111 308 137
sheep 0.048593897 235 98 272 110
sheep 0.0941791 235 102 253 113
sheep 0.1522189 230 107 245 118
sheep 0.57641584 253 98 271 109
sheep 0.74304783 274 111 309 142
sheep 0.8312662 280 161 358 228
sheep 0.9812308 232 175 326 246
sheep 0.9913616 344 117 383 145
sheep 0.99621564 155 161 235 229
dog 0.0066448655 147 162 236 227
cow 0.0075648646 274 111 309 142
cow 0.010999063 147 162 236 227
