person 0.0065113204 471 55 499 300
person 0.0069084 356 143 380 183
person 0.008859142 483 80 499 274
person 0.008980206 445 81 498 348
person 0.010417106 492 98 498 172
person 0.013722478 477 86 498 192
person 0.016902301 367 143 391 183
person 0.020154037 336 135 403 209
person 0.02116405 347 139 376 173
person 0.03333546 270 156 293 189
person 0.04880092 195 128 222 160
person 0.10555989 376 121 412 231
person 0.14141351 9 70 125 375
person 0.1911186 213 146 273 201
person 0.25783232 164 110 204 160
person 0.39349285 255 146 290 182
person 0.57436323 226 146 262 180
person 0.6626105 341 137 380 193
person 0.9518342 375 59 499 261
person 0.995163 0 10 148 278
diningtable 0.9756334 0 211 500 375
bottle 0.0070725647 340 162 361 204
bottle 0.011004714 99 142 143 215
bottle 0.93450844 32 137 113 371
