train 0.0134801455 2 141 23 193
pottedplant 0.0063605136 284 0 348 48
pottedplant 0.012011925 286 6 318 59
pottedplant 0.013136197 293 130 315 158
pottedplant 0.023331169 301 122 320 157
pottedplant 0.05431558 297 13 322 47
pottedplant 0.12429458 427 89 449 130
pottedplant 0.1393723 402 86 461 134
pottedplant 0.20033744 259 132 282 167
person 0.006760866 452 166 486 224
person 0.009383352 111 128 131 161
person 0.01250412 149 132 185 162
person 0.014372847 431 162 461 225
person 0.017425949 120 131 140 159
person 0.12001168 362 149 397 237
person 0.3521781 439 166 491 288
person 0.809018 363 110 387 189
person 0.8917134 307 135 337 216
person 0.9548824 421 159 457 265
person 0.95979697 239 153 266 237
person 0.99349535 368 153 425 260
car 0.016029168 0 171 8 198
car 0.019748874 0 163 12 207
car 0.07359887 0 153 23 198
bus 0.00782735 0 151 13 200
bus 0.048592202 1 94 23 209
bus 0.085162334 2 141 23 193
bus 0.9997548 19 79 196 257
