sofa 0.019452343 126 126 363 229
sofa 0.026289534 264 115 408 236
sofa 0.116958015 155 104 275 201
sofa 0.49044475 270 112 438 335
sofa 0.6205354 100 125 243 242
person 0.0050347443 263 121 303 193
person 0.0057119173 309 181 400 251
person 0.007364936 186 131 398 227
person 0.015511566 2 85 18 271
person 0.023296025 2 52 29 342
person 0.036406677 100 125 243 242
person 0.11336045 177 103 310 196
person 0.12831652 293 158 419 287
person 0.25436434 0 100 51 367
person 0.75880885 275 99 356 215
person 0.7728765 166 101 228 213
person 0.8061587 288 109 426 243
person 0.9602738 211 94 280 186
person 0.99565524 250 172 410 353
chair 0.006179025 254 232 406 349
chair 0.006573904 411 135 490 295
chair 0.008294049 0 100 51 367
chair 0.013708156 100 125 243 242
chair 0.014961833 270 112 438 335
bottle 0.006806188 195 175 218 210
bottle 0.009041983 216 170 236 217
