person 0.005433785 145 199 158 257
person 0.005816148 492 147 499 234
person 0.007019926 407 220 416 242
person 0.025720198 96 205 109 250
person 0.048832472 411 219 422 241
person 0.060100663 53 205 71 257
person 0.06681941 104 207 115 246
person 0.16211826 56 198 87 277
person 0.6443682 115 200 131 251
person 0.8638509 144 193 167 277
person 0.99053335 67 195 106 282
motorbike 0.016560553 477 227 500 263
car 0.0056634876 478 199 497 243
car 0.0066730715 170 195 188 229
car 0.010582207 479 174 500 255
car 0.82256335 478 220 500 258
bus 0.031726748 479 174 500 255
bus 0.6683654 292 148 392 243
