aeroplane 0.012556603 217 158 232 171
aeroplane 0.01329164 145 149 174 165
aeroplane 0.015486648 166 217 185 232
aeroplane 0.018790573 168 149 184 163
aeroplane 0.019403512 176 247 201 264
aeroplane 0.022553973 202 214 243 235
aeroplane 0.023415139 199 150 215 169
aeroplane 0.024164807 216 217 232 230
aeroplane 0.028394494 140 219 177 232
aeroplane 0.03356606 200 109 208 124
aeroplane 0.16700786 184 106 204 131
aeroplane 0.9432729 192 212 224 239
aeroplane 0.9448264 212 180 246 208
aeroplane 0.9485656 177 244 212 272
aeroplane 0.95962274 191 149 224 179
aeroplane 0.9628118 169 101 203 133
aeroplane 0.9691103 125 176 155 208
aeroplane 0.97011197 149 143 183 171
aeroplane 0.97161865 257 183 296 214
aeroplane 0.9835739 148 213 183 238
