person 0.007031841 3 315 14 330
person 0.009339164 66 318 77 363
person 0.12694214 37 322 54 358
person 0.16902915 50 320 61 361
person 0.19476272 60 319 72 363
person 0.9922911 66 312 121 487
car 0.005025514 39 324 71 358
car 0.005875959 60 319 72 363
car 0.0067938375 33 323 45 341
car 0.0070009544 37 323 52 341
car 0.0074798362 0 313 19 356
car 0.0076749697 50 320 61 361
car 0.042518437 205 318 252 348
car 0.1884582 37 322 54 358
car 0.25448152 226 313 271 347
car 0.8594415 187 319 232 351
car 0.9143867 0 322 36 363
car 0.95171577 230 301 321 346
bus 0.7558827 64 112 200 450
boat 0.036480054 62 52 204 467
