tvmonitor 0.10319073 162 43 401 123
tvmonitor 0.31400108 154 34 403 217
sheep 0.0051777856 10 126 79 186
sheep 0.0073823077 373 139 453 212
sheep 0.007904007 22 137 110 200
sheep 0.00911573 328 136 370 157
sheep 0.012307999 310 138 398 200
sheep 0.012390569 42 58 128 208
sheep 0.014903096 477 121 498 152
sheep 0.03378135 4 146 61 193
sheep 0.03576737 411 151 455 217
sheep 0.28201476 435 137 498 212
sheep 0.37401927 60 118 194 223
person 0.005055483 328 77 355 141
person 0.005715965 264 157 387 265
person 0.0075449687 261 118 405 213
person 0.008140725 161 106 245 158
person 0.010398964 103 112 246 225
person 0.011188027 42 111 164 215
person 0.015978351 220 67 265 146
person 0.019942805 203 66 277 203
person 0.07372922 327 67 351 107
person 0.65258366 160 90 281 242
horse 0.037233192 60 118 194 223
horse 0.05085505 260 179 380 282
horse 0.13004887 154 34 403 217
horse 0.62493056 156 120 284 260
cow 0.005005589 320 136 365 157
cow 0.0067369007 287 145 426 238
cow 0.007641841 7 143 82 195
cow 0.009203515 281 134 355 202
cow 0.021049086 42 58 128 208
cow 0.03404913 335 155 414 219
cow 0.037987527 374 149 451 221
cow 0.0667759 156 120 284 260
cow 0.0779724 310 138 398 200
cow 0.123437166 434 148 497 219
cow 0.2903414 60 118 194 223
cow 0.9111227 260 179 380 282
chair 0.038310915 434 148 497 219
car 0.008781274 7 159 59 188
car 0.01868148 60 118 194 223
