tvmonitor 0.85426784 179 246 225 309
person 0.0072751767 341 144 352 209
car 0.005080987 290 123 306 137
car 0.0052074012 324 123 368 158
car 0.0057347943 274 126 306 151
car 0.0062143654 263 126 276 136
car 0.00746917 283 124 296 137
car 0.00786539 273 125 284 138
car 0.0083946 293 136 305 158
car 0.009139048 348 121 366 134
car 0.0101970155 300 132 337 166
car 0.010226217 359 116 372 130
car 0.011098913 179 246 225 309
car 0.018561533 283 129 294 149
car 0.024084108 336 140 375 176
car 0.03284446 308 127 324 170
car 0.062190447 322 131 375 188
car 0.080370925 307 124 362 175
car 0.15592237 297 130 315 165
car 0.15853389 289 124 309 156
car 0.18403293 318 140 354 173
car 0.733299 349 133 375 198
