person 0.0071001477 453 206 474 241
person 0.008036033 0 185 13 314
person 0.015156382 3 198 17 262
person 0.05804871 1 157 20 276
person 0.4221001 2 189 11 271
motorbike 0.014850899 479 213 499 245
motorbike 0.025948137 455 215 475 243
car 0.005723377 451 206 470 238
car 0.017107561 489 215 498 245
car 0.018555157 460 215 492 243
car 0.10782603 455 215 475 243
car 0.26026782 479 213 499 245
bus 0.0052359365 267 140 334 255
bus 0.005582258 262 172 288 255
bus 0.007576685 1 156 11 210
bus 0.022659285 1 157 20 276
bus 0.049609333 4 135 88 259
bus 0.49977311 4 143 42 242
bus 0.90025014 160 139 264 264
bus 0.9824295 277 138 393 265
bus 0.9963452 25 136 162 267
