sofa 0.055440772 210 123 500 333
person 0.0057101413 136 84 500 331
person 0.016836802 115 55 128 71
person 0.029908495 359 242 500 333
person 0.8749314 70 5 199 170
person 0.91342056 200 13 378 180
person 0.97862405 1 102 139 325
person 0.9912752 207 114 376 321
person 0.9976478 83 117 281 333
person 0.9995441 325 92 499 322
chair 0.0061231744 330 110 498 333
bottle 0.006314174 124 3 135 19
bottle 0.007067559 213 3 219 32
bottle 0.0075089415 205 1 212 32
bottle 0.008244502 134 4 144 19
bottle 0.009034137 163 0 174 14
