person 0.009482346 78 112 101 152
person 0.010806356 481 108 499 244
person 0.011750632 0 120 8 185
person 0.013585987 396 120 433 173
person 0.014862045 50 114 89 164
person 0.016604476 1 122 54 263
person 0.023606433 392 132 464 297
person 0.024300674 13 116 79 169
person 0.030049827 69 116 92 149
person 0.034669872 480 154 500 310
person 0.08148479 32 124 53 161
person 0.08465585 68 107 106 164
person 0.101748355 0 120 29 229
person 0.10449684 8 125 90 226
person 0.10652735 28 121 96 187
person 0.2431934 5 118 50 189
person 0.43154666 447 127 495 303
person 0.6203658 404 131 446 183
person 0.9978742 207 29 461 332
person 0.99858457 6 29 237 334
