sofa 0.005881565 204 57 344 311
sofa 0.031671416 81 56 238 238
sofa 0.4035384 65 80 353 284
person 0.005554622 0 73 28 322
person 0.009770378 0 109 18 247
person 0.0108966455 164 77 237 242
person 0.014586082 106 87 310 220
person 0.033331733 214 52 312 230
person 0.0601967 343 187 485 332
person 0.21557042 364 6 474 145
person 0.28453615 370 284 498 375
person 0.84832233 183 61 336 303
person 0.9391849 324 0 494 367
person 0.99351186 68 48 217 244
diningtable 0.009029126 41 212 308 375
diningtable 0.010477444 259 28 476 277
diningtable 0.029382763 279 73 356 128
chair 0.005564099 292 73 380 128
chair 0.0061848075 204 64 344 231
chair 0.008005302 338 287 492 375
chair 0.0203405 86 60 230 234
chair 0.03246886 331 170 497 363
bottle 0.0053537353 337 57 345 78
bottle 0.008092992 120 18 134 58
bottle 0.009343211 295 52 311 99
bottle 0.011584371 41 196 63 247
bottle 0.018432645 296 47 315 74
bottle 0.059613302 88 12 102 61
bottle 0.063363634 103 16 115 57
bottle 0.1258527 115 15 128 57
bottle 0.5903009 64 9 76 64
bottle 0.75852203 92 16 107 57
