sheep 0.011432955 53 154 111 277
pottedplant 0.0074936883 310 52 349 80
pottedplant 0.008015236 289 64 315 93
pottedplant 0.009123914 306 44 337 117
pottedplant 0.01008061 350 54 393 115
pottedplant 0.0110050235 302 4 340 91
pottedplant 0.014598079 313 9 351 112
pottedplant 0.021049965 170 54 207 83
pottedplant 0.024313632 82 9 269 74
pottedplant 0.06942457 166 2 240 76
pottedplant 0.13539799 309 0 399 125
person 0.22313942 53 154 111 277
horse 0.015153055 53 154 111 277
dog 0.43253273 53 154 111 277
dog 0.9930324 232 144 415 236
cow 0.04897111 53 154 111 277
chair 0.00852558 480 20 500 140
cat 0.006736632 53 154 111 277
cat 0.011762462 200 146 404 231
car 0.0050397445 479 14 500 117
boat 0.02215616 82 9 269 74
