train 0.0064152568 281 139 440 211
train 0.011863781 52 88 439 255
train 0.2582883 183 138 388 236
train 0.582797 96 133 323 251
person 0.006830648 478 190 498 237
person 0.008216075 420 167 442 203
person 0.009103086 490 179 498 248
person 0.012252467 477 147 496 189
person 0.014583914 468 166 485 205
person 0.028418036 477 160 495 208
person 0.05033556 488 147 500 205
person 0.24992488 453 170 466 217
motorbike 0.005108787 116 134 380 244
motorbike 0.03665427 61 87 286 260
car 0.0055056694 489 153 499 215
car 0.00608946 467 175 484 211
car 0.0066956347 452 172 481 203
car 0.010602496 477 160 495 208
