sofa 0.41338563 30 127 471 375
person 0.00551189 41 96 80 118
person 0.007855611 53 100 72 113
person 0.00790468 75 97 106 119
person 0.00974249 93 99 103 118
person 0.011098753 34 92 52 102
person 0.050675508 51 100 76 128
person 0.13344984 86 96 99 119
person 0.98963416 91 105 332 375
chair 0.01034624 69 93 485 369
chair 0.28823233 73 130 284 375
car 0.008206068 49 96 196 133
car 0.008991384 418 81 440 113
boat 0.0053533115 0 67 35 84
boat 0.0067621707 24 86 149 126
boat 0.009889004 30 94 77 117
boat 0.013077087 46 100 77 129
boat 0.021988794 30 127 471 375
boat 0.044392113 34 92 52 102
boat 0.50300634 49 96 196 133
bird 0.0067198165 34 92 52 102
