sofa 0.01105088 218 71 415 358
sofa 0.019589301 40 66 215 375
sofa 0.7218302 53 23 461 375
pottedplant 0.0070251515 216 186 300 248
pottedplant 0.011315786 482 98 500 257
person 0.0061576273 472 57 500 333
person 0.01132976 482 98 500 257
person 0.013552533 0 37 380 375
person 0.019852564 253 197 344 245
person 0.045058113 286 206 391 256
person 0.058936153 216 186 300 248
person 0.06551907 218 164 355 279
person 0.9820907 186 35 399 363
person 0.9985659 0 43 176 345
dog 0.008266015 253 197 344 245
dog 0.009915166 286 201 390 245
dog 0.022962624 216 186 300 248
chair 0.008084439 0 108 180 375
chair 0.21571602 218 71 415 358
chair 0.7156804 153 21 482 375
bottle 0.005836294 206 158 281 203
bottle 0.022231897 214 174 298 226
bottle 0.045641046 482 98 500 257
