sofa 0.0057352604 81 26 323 232
person 0.009774291 192 0 279 69
person 0.01784493 199 38 275 101
person 0.022072978 294 7 333 88
person 0.15682366 81 26 323 232
person 0.19145873 178 28 328 162
person 0.21485108 188 2 306 111
person 0.9476826 79 0 198 242
person 0.9997877 146 87 319 412
motorbike 0.011213674 168 74 333 181
motorbike 0.017807893 96 159 321 407
horse 0.017394513 211 72 333 180
horse 0.03602594 142 131 322 419
horse 0.9409222 74 227 262 410
dog 0.0074571595 164 10 325 189
dog 0.042412125 74 227 262 410
dog 0.05826846 205 53 295 114
dog 0.44048497 211 72 333 180
cow 0.023700308 76 231 326 410
chair 0.0053226943 294 7 333 88
chair 0.012192663 168 74 333 181
car 0.00899692 211 72 333 180
boat 0.0052650254 211 72 333 180
