pottedplant 0.14398254 377 293 412 358
pottedplant 0.14618677 270 281 291 319
pottedplant 0.14712578 356 262 382 307
pottedplant 0.21919183 267 36 332 110
pottedplant 0.25860333 140 259 178 321
pottedplant 0.27825353 136 346 225 391
pottedplant 0.29758173 475 324 495 356
pottedplant 0.32139012 164 250 201 320
pottedplant 0.34295443 74 209 164 322
pottedplant 0.3459144 325 44 386 184
pottedplant 0.35825333 282 348 303 389
pottedplant 0.36006492 374 224 449 275
pottedplant 0.45660594 369 53 457 173
pottedplant 0.46634665 182 134 268 207
pottedplant 0.65036535 279 222 353 345
pottedplant 0.6809081 169 0 245 123
pottedplant 0.7215876 229 344 297 396
pottedplant 0.83678806 100 82 177 219
pottedplant 0.86913085 278 136 343 208
pottedplant 0.9000686 95 17 170 83
boat 0.021565689 95 17 170 83
