person 0.015055277 171 10 186 69
person 0.015996207 128 0 147 62
person 0.016226366 473 17 484 80
person 0.017002564 489 47 499 106
person 0.021621296 146 0 174 78
person 0.024208255 495 61 499 171
person 0.031514727 109 0 130 57
person 0.040751003 483 14 500 147
person 0.044731285 417 0 435 61
person 0.07407175 491 3 499 92
person 0.12955126 412 0 427 60
person 0.14119685 398 0 418 58
person 0.16389838 456 2 483 94
person 0.18968287 113 0 143 79
person 0.22393975 125 0 158 80
person 0.26484972 478 0 498 92
person 0.60445523 175 5 198 76
person 0.70423836 418 1 445 112
person 0.858445 442 0 469 118
person 0.9441941 7 0 88 202
motorbike 0.008874901 489 47 499 106
car 0.0060619786 353 5 404 31
car 0.0070143216 0 0 8 35
car 0.0072089196 89 18 109 58
car 0.007353778 0 0 6 25
car 0.007848133 197 5 234 35
car 0.0080008935 77 16 194 109
car 0.0148368515 73 3 109 35
car 0.021084035 343 0 398 20
car 0.026734903 56 0 118 56
car 0.030584833 252 0 294 20
car 0.08197886 339 0 414 46
car 0.99996877 81 7 432 310
bicycle 0.0051925858 489 47 499 106
