person 0.005113586 451 243 464 257
person 0.00688973 492 246 499 271
person 0.007380836 470 243 484 258
person 0.010192769 76 275 84 301
person 0.010415177 334 254 352 299
person 0.010772719 101 249 115 293
person 0.013526793 170 241 196 304
person 0.016601674 413 238 428 300
person 0.022167955 180 254 195 303
person 0.030814098 418 241 432 318
person 0.033597387 71 263 79 295
person 0.042123243 120 247 132 292
person 0.061353914 87 253 100 299
person 0.098221354 75 243 100 300
person 0.32601458 424 235 446 322
person 0.76583433 71 258 85 298
person 0.7932464 406 231 430 320
person 0.81196475 91 245 106 298
person 0.9696055 433 238 460 323
chair 0.0058412296 0 263 10 333
chair 0.010243856 0 288 25 323
aeroplane 0.0078104264 2 73 121 169
aeroplane 0.013204828 71 101 268 197
aeroplane 0.01668107 33 182 334 338
aeroplane 0.023938928 26 46 470 257
aeroplane 0.08986869 0 112 99 163
aeroplane 0.10488214 163 193 342 317
aeroplane 0.18672964 7 96 189 191
aeroplane 0.23539005 11 121 485 334
aeroplane 0.46893728 149 99 417 194
