sofa 0.006282234 296 76 427 341
pottedplant 0.023594797 142 114 174 152
person 0.0050746854 0 59 29 332
person 0.0057159513 3 0 59 172
person 0.0076102326 0 41 114 375
person 0.016725186 0 41 57 275
person 0.019461708 207 56 301 186
person 0.21504557 2 0 101 235
person 0.95693904 210 43 313 335
person 0.9954702 296 72 428 328
diningtable 0.21173441 39 119 303 331
chair 0.008493228 204 75 309 350
chair 0.013224936 1 252 130 375
chair 0.03482358 296 76 427 341
bottle 0.0051722056 352 1 368 38
bottle 0.0053067706 342 2 358 38
bottle 0.009606317 363 3 388 72
bottle 0.026693262 143 114 168 151
bottle 0.30244097 213 155 232 190
