pottedplant 0.0056625106 37 93 52 144
pottedplant 0.014298591 2 101 14 149
pottedplant 0.021448348 15 101 35 146
pottedplant 0.055334475 0 107 23 142
pottedplant 0.06689685 13 90 45 153
diningtable 0.012131611 151 163 328 281
diningtable 0.018871743 131 151 343 373
diningtable 0.4805782 0 122 131 344
chair 0.0058148657 237 131 292 155
chair 0.0066563236 169 252 316 373
chair 0.006698134 182 125 221 188
chair 0.008190908 139 154 301 287
chair 0.016044315 439 181 499 330
chair 0.018455628 46 124 127 274
chair 0.023095442 1 123 20 310
chair 0.07797775 251 222 309 286
chair 0.14053756 0 146 56 326
chair 0.17000529 0 122 131 344
bottle 0.008388241 54 115 64 139
bottle 0.009320024 47 108 62 141
bottle 0.022466905 35 103 50 144
bottle 0.022671347 22 99 41 147
bottle 0.035793573 204 288 224 330
bird 0.007646016 251 222 309 286
