sofa 0.0099814795 167 242 211 267
pottedplant 0.0068519674 95 230 113 241
diningtable 0.0050368584 167 242 211 267
diningtable 0.015840936 60 261 312 336
diningtable 0.98586535 87 258 288 456
chair 0.011981842 95 230 113 241
chair 0.013043864 274 249 340 357
chair 0.015030876 48 254 119 338
chair 0.015569239 254 251 294 338
chair 0.0161275 83 250 151 388
chair 0.018274117 261 250 325 309
chair 0.05308636 263 249 295 281
chair 0.056285437 81 247 119 306
chair 0.14207806 83 246 110 283
chair 0.17939208 167 242 211 267
chair 0.24665686 138 265 249 445
chair 0.9882872 43 257 133 415
chair 0.9943097 248 255 348 419
car 0.005105069 131 229 155 237
car 0.006876008 166 227 213 246
car 0.012879394 225 230 255 238
car 0.017560177 95 230 113 241
car 0.024646819 208 228 256 243
car 0.04882614 120 227 164 243
car 0.11748969 127 229 143 238
