tvmonitor 0.020882187 346 249 500 370
person 0.0051390757 128 135 207 189
person 0.009828743 313 23 487 358
person 0.010094677 299 141 333 207
person 0.030175056 259 149 330 213
person 0.13539222 338 211 469 321
car 0.018389206 355 272 500 375
boat 0.009747809 257 165 330 221
boat 0.010454729 317 116 479 346
boat 0.028010698 55 168 298 290
boat 0.037458427 293 101 309 151
boat 0.6273575 338 211 469 321
boat 0.82178414 336 241 492 366
boat 0.9991466 22 19 341 342
bird 0.013267621 293 101 309 151
