sofa 0.037379686 449 250 497 375
sofa 0.1230853 222 204 423 366
sofa 0.15777494 104 202 325 360
sofa 0.52132004 23 211 234 365
sofa 0.9529919 0 210 439 375
person 0.012639142 0 10 51 375
person 0.078109294 127 198 364 362
person 0.6564482 47 212 208 367
person 0.804079 183 190 263 369
person 0.9905108 244 169 411 367
diningtable 0.017892377 449 250 497 375
chair 0.0052641206 47 212 208 367
chair 0.0056547816 451 107 498 375
chair 0.018024346 222 204 423 366
chair 0.027174912 3 18 19 223
chair 0.15112564 449 250 497 375
