boat 0.03894435 468 87 499 121
boat 0.04036582 350 62 366 79
boat 0.05112267 382 39 398 71
boat 0.061473943 9 49 60 69
boat 0.06716906 415 34 435 77
boat 0.08911009 454 55 500 182
boat 0.17428383 471 14 497 107
boat 0.19168623 403 66 438 83
boat 0.20995104 469 54 499 144
boat 0.4189388 405 9 430 81
boat 0.52749825 397 23 415 71
boat 0.5593302 452 133 499 170
boat 0.62317425 287 96 316 128
boat 0.65553135 134 97 162 130
boat 0.6751548 374 97 407 120
boat 0.7833513 132 70 166 134
boat 0.783407 328 97 355 121
boat 0.84979457 343 66 372 83
boat 0.86974615 164 75 239 245
boat 0.92733943 48 104 131 163
