sofa 0.013058488 0 208 53 375
sofa 0.9939702 0 215 500 370
sheep 0.0050329464 0 208 53 375
pottedplant 0.007663444 0 277 8 356
person 0.008450094 0 211 6 307
person 0.013989384 1 115 28 375
person 0.03303739 1 208 20 342
person 0.03963331 0 208 53 375
motorbike 0.010066836 0 239 56 375
dog 0.0065080496 2 250 45 337
dog 0.025588935 1 233 21 353
dog 0.044773113 0 208 53 375
diningtable 0.01181243 0 239 56 375
chair 0.006267734 1 233 21 353
chair 0.020147456 0 239 56 375
cat 0.0057851123 0 239 56 375
bottle 0.007143583 0 277 8 356
