train 0.0064385184 71 98 216 133
train 0.057270296 18 85 258 132
person 0.005952633 381 208 413 335
person 0.007382003 491 231 498 326
person 0.022138905 233 167 257 204
person 0.6659613 223 166 262 219
person 0.99687225 384 187 436 361
motorbike 0.054905273 221 185 265 216
horse 0.014386559 215 174 268 218
dog 0.0065555447 221 185 265 216
chair 0.005541508 477 223 499 327
chair 0.0064881425 453 236 499 315
bus 0.0051449817 18 85 258 132
boat 0.019580454 18 85 258 132
bicycle 0.008651954 414 206 499 337
bicycle 0.00937808 477 223 499 327
bicycle 0.011614465 433 204 499 258
bicycle 0.011667364 213 197 261 221
bicycle 0.012099757 453 236 499 315
bicycle 0.12907113 221 185 265 216
bicycle 0.56163883 409 180 500 242
