person 0.006824738 40 160 48 182
person 0.007037663 200 154 213 173
person 0.008016932 3 145 22 202
person 0.009864132 336 136 347 152
person 0.010811446 28 151 40 197
person 0.011021943 66 151 74 177
person 0.015034398 200 145 213 160
person 0.015497226 190 156 210 189
person 0.018931309 209 155 222 173
person 0.019370431 0 140 10 207
person 0.022046877 205 148 224 180
person 0.04160768 47 160 59 182
person 0.04971977 195 157 233 189
person 0.25026187 190 145 225 204
person 0.26231173 196 145 217 182
person 0.30832815 56 148 72 185
person 0.50343573 6 120 37 203
motorbike 0.01882615 195 165 232 199
motorbike 0.027600583 187 149 244 207
motorbike 0.032629907 47 160 59 182
motorbike 0.04563695 189 155 227 189
motorbike 0.11310523 54 156 72 187
motorbike 0.11764913 2 137 31 217
horse 0.005885598 63 146 76 184
horse 0.006120866 189 155 227 189
horse 0.011515329 194 146 234 206
horse 0.014934716 184 159 250 229
horse 0.03981978 46 157 63 187
horse 0.11279384 54 156 72 187
horse 0.20156267 2 137 31 217
horse 0.9585134 226 115 349 249
dog 0.005777101 54 156 72 187
dog 0.020328362 2 137 31 217
cow 0.012815917 2 137 31 217
cow 0.01444565 46 157 63 187
cow 0.03513169 54 156 72 187
bicycle 0.007374193 27 161 40 206
bicycle 0.008403834 38 154 50 191
bicycle 0.008649134 63 146 76 184
bicycle 0.011518379 190 164 228 198
bicycle 0.0471222 2 137 31 217
bicycle 0.112575464 46 157 63 187
bicycle 0.23736446 54 156 72 187
