pottedplant 0.0056801024 171 237 184 297
pottedplant 0.007456893 186 217 214 292
pottedplant 0.017506583 206 207 222 250
pottedplant 0.018945567 172 233 196 304
pottedplant 0.046362173 283 164 306 200
pottedplant 0.13304566 198 212 217 245
person 0.009595206 424 143 451 181
person 0.010336657 475 153 499 192
person 0.011212714 283 164 306 200
person 0.013533806 189 242 201 311
person 0.013790883 450 165 498 331
person 0.014370632 435 165 466 297
person 0.01594038 403 184 419 235
person 0.017018938 397 151 416 189
person 0.017486745 186 232 210 308
person 0.01785782 164 238 176 295
person 0.017919976 428 150 467 238
person 0.04477055 479 142 498 325
person 0.047659922 473 154 499 234
person 0.0669069 451 156 496 229
person 0.08134718 172 233 196 304
person 0.09968636 422 153 482 307
person 0.104503885 171 237 184 297
person 0.12492704 180 237 192 298
person 0.14761128 399 157 427 236
person 0.25673503 414 148 449 240
horse 0.00804653 414 148 449 240
horse 0.03913087 421 148 484 284
horse 0.047526974 436 158 499 229
