pottedplant 0.013404826 368 98 426 212
person 0.012376428 40 82 215 323
person 0.01302477 458 158 492 229
person 0.014872533 0 50 53 186
person 0.015918719 32 17 104 143
person 0.018078767 130 87 192 140
person 0.018110368 469 170 486 210
person 0.032253657 478 139 500 218
person 0.035753004 0 66 16 248
person 0.03708047 5 58 95 216
person 0.03753301 361 160 377 220
person 0.037743136 486 155 500 207
person 0.05508838 341 158 375 228
person 0.055757713 0 25 28 328
person 0.09799818 148 88 188 122
person 0.15430933 0 75 63 313
person 0.28342143 0 54 24 150
person 0.28471097 121 94 158 127
person 0.3490022 480 157 500 271
person 0.8116514 4 35 119 309
person 0.9977783 130 13 361 329
car 0.0050055515 479 170 494 227
car 0.006311315 467 164 487 200
car 0.00678857 467 155 500 190
car 0.013692091 454 166 497 196
car 0.024486134 421 155 489 198
car 0.031335507 478 160 497 204
car 0.048347626 419 167 457 193
car 0.06138504 479 148 500 246
car 0.111147076 486 155 500 207
car 0.116570786 445 159 487 187
car 0.36147767 436 166 478 194
