person 0.0070616854 255 17 390 227
person 0.00725759 493 14 500 82
person 0.007711566 415 16 481 113
person 0.008140663 35 28 56 62
person 0.0165616 0 85 19 266
person 0.026643677 481 20 498 144
person 0.038830712 173 31 225 216
person 0.05648305 484 29 499 250
person 0.06295793 491 30 499 104
person 0.12985553 42 19 64 57
person 0.1752402 2 41 30 120
person 0.21771556 415 16 463 76
person 0.34653342 1 34 30 240
person 0.4674524 191 41 288 230
person 0.72902656 15 40 107 245
person 0.88802296 265 31 323 233
person 0.98440707 303 20 357 223
person 0.99188447 137 27 196 218
person 0.9962771 72 21 127 222
person 0.9987694 324 0 497 282
dog 0.0075845714 213 203 299 346
chair 0.008878367 135 88 195 216
chair 0.010894546 0 85 19 266
cat 0.13085712 213 203 299 346
