person 0.0051043527 228 218 248 264
person 0.005598927 200 224 217 269
person 0.008752671 202 209 226 239
person 0.013670224 235 192 256 237
person 0.021396145 199 211 219 253
person 0.05037402 242 194 263 247
person 0.08239701 109 211 139 259
person 0.4057466 103 210 120 256
person 0.48733377 200 209 230 270
person 0.7087337 231 197 262 268
car 0.0067442064 302 197 447 268
car 0.008577037 96 210 153 256
car 0.009119931 442 189 500 242
car 0.010648991 435 194 500 287
car 0.012642833 26 227 61 249
car 0.013976829 213 208 268 262
car 0.38280666 125 203 176 241
car 0.99922985 313 196 500 299
bus 0.021087483 188 155 385 233
