sheep 0.005640477 109 77 134 95
pottedplant 0.037653312 433 57 500 185
person 0.007148516 138 81 156 114
person 0.0073741623 106 76 134 97
person 0.010219618 63 113 84 143
person 0.013710968 324 95 355 120
person 0.01474651 96 97 113 136
person 0.026439156 13 91 52 116
person 0.04542672 399 112 419 153
dog 0.005508001 444 168 487 200
dog 0.0065513924 63 113 84 143
dog 0.0098510245 399 112 419 145
dog 0.011301064 31 91 52 118
dog 0.012140151 8 91 41 117
dog 0.020916848 138 81 156 114
dog 0.021243555 16 126 36 160
dog 0.027288932 110 75 131 99
dog 0.044303045 96 97 113 136
cat 0.005333602 16 126 36 160
cat 0.006408977 444 168 487 200
cat 0.0146710845 110 75 131 99
bird 0.33324528 8 91 41 117
bird 0.36299 69 139 99 175
bird 0.3867897 255 106 279 142
bird 0.42144495 248 85 278 111
bird 0.44964352 301 99 326 128
bird 0.54821265 290 149 333 209
bird 0.60136443 16 126 36 160
bird 0.60826814 399 112 419 153
bird 0.629015 143 133 174 173
bird 0.62902474 265 134 298 159
bird 0.64717215 63 113 84 143
bird 0.6931855 110 75 131 99
bird 0.7706136 96 97 113 136
bird 0.7894142 88 176 128 231
bird 0.82497305 175 78 195 111
bird 0.89224666 221 143 286 214
bird 0.95391756 200 75 234 100
bird 0.95766926 138 81 156 114
bird 0.971475 320 207 403 274
bird 0.9802609 170 136 246 289
