sofa 0.008454359 0 129 230 374
person 0.018023184 234 75 260 114
person 0.22577 51 120 75 148
person 0.92456096 361 77 499 375
person 0.9915815 248 0 458 317
person 0.99992025 3 115 258 360
diningtable 0.008551658 0 302 126 375
diningtable 0.016536806 4 150 79 202
diningtable 0.021193834 4 155 80 272
diningtable 0.06780729 0 129 230 374
diningtable 0.08182745 0 331 108 375
chair 0.006365127 72 124 110 147
chair 0.007820899 0 129 230 374
chair 0.02658574 4 150 79 202
chair 0.031238487 0 331 108 375
chair 0.1010805 3 151 24 276
chair 0.46759742 3 156 56 270
chair 0.822461 290 222 377 372
bottle 0.0053078546 221 118 232 174
bottle 0.00533063 432 45 472 122
bottle 0.0066680363 96 105 106 122
bottle 0.0073817093 210 116 221 172
bottle 0.008225031 32 112 40 137
bottle 0.008660634 145 119 159 151
bottle 0.0097986525 150 125 163 162
bottle 0.01240201 51 120 75 148
bottle 0.013225745 240 125 253 176
bottle 0.019741826 151 125 160 147
bottle 0.020804077 468 20 490 77
bottle 0.021338683 147 123 156 142
bottle 0.026005493 30 115 42 149
bottle 0.032628886 32 118 50 147
bottle 0.040782895 229 117 241 177
bottle 0.0637687 443 15 496 148
bottle 0.06400947 266 134 280 174
bottle 0.110390514 258 128 271 176
bottle 0.30276057 248 125 263 177
bottle 0.50204563 460 21 492 109
