person 0.008699392 172 308 198 351
person 0.013081702 143 317 161 362
person 0.01432388 133 310 156 357
person 0.01440999 121 310 142 356
person 0.01528874 232 312 252 348
person 0.022352833 139 307 170 373
person 0.057746474 194 308 228 353
person 0.058650404 160 306 196 372
person 0.074580416 181 317 219 387
person 0.08124905 163 307 230 366
person 0.08806577 119 326 139 374
person 0.22286808 120 305 152 375
person 0.2713702 276 305 307 360
person 0.67052037 47 302 84 372
person 0.86065423 107 304 140 375
boat 0.99998975 1 3 371 429
