pottedplant 0.0070882086 15 68 33 87
pottedplant 0.00731505 476 257 499 370
pottedplant 0.009428714 473 163 497 270
pottedplant 0.012463334 20 65 66 92
pottedplant 0.012624433 184 133 205 176
pottedplant 0.026949568 6 156 84 206
pottedplant 0.056593124 194 137 256 186
pottedplant 0.13923842 4 65 40 90
pottedplant 0.26192862 221 141 249 181
diningtable 0.010807159 26 242 173 364
diningtable 0.04222369 0 166 123 275
diningtable 0.8217759 0 165 212 375
chair 0.0051913885 312 157 358 239
chair 0.0056772097 1 165 19 306
chair 0.005939322 0 150 9 212
chair 0.0069444287 481 121 499 237
chair 0.017539 0 154 90 320
chair 0.017870251 457 192 500 275
chair 0.018448345 126 163 192 225
chair 0.022195661 11 167 56 196
chair 0.032836054 0 221 22 365
chair 0.033833135 473 163 497 270
chair 0.055004064 42 164 212 279
chair 0.103970096 0 216 55 368
chair 0.14695975 6 156 84 206
chair 0.4925531 386 176 500 325
chair 0.7315921 140 167 227 342
chair 0.76906395 26 242 173 364
chair 0.7852842 308 161 400 277
chair 0.9695952 15 166 228 368
bicycle 0.006824905 313 172 397 283
bicycle 0.011082867 476 257 499 370
bicycle 0.02873976 473 163 497 270
bicycle 0.18005647 393 176 494 300
