person 0.005154547 41 215 63 265
person 0.0051679043 7 230 47 315
person 0.005229139 5 189 25 232
person 0.0054151285 0 266 26 365
person 0.007149843 0 192 11 231
person 0.0072565298 350 195 371 226
person 0.008178185 311 206 334 234
person 0.00851713 65 198 79 243
person 0.008862266 0 190 63 250
person 0.012415501 171 191 183 233
person 0.017475186 10 188 36 234
person 0.017603077 0 193 8 212
person 0.0198312 1 204 10 277
person 0.023899786 45 198 73 262
person 0.087491095 3 194 27 277
person 0.3884646 32 197 67 276
person 0.86564034 9 190 46 281
diningtable 0.0053234636 9 209 47 291
diningtable 0.005861583 1 277 51 375
chair 0.0058693597 45 198 73 262
chair 0.0067891665 0 245 23 346
chair 0.00816753 41 215 63 265
chair 0.017201358 1 214 10 285
chair 0.017614383 13 279 80 375
chair 0.028722832 2 214 25 290
chair 0.075298406 29 212 62 288
chair 0.09061922 0 281 29 375
chair 0.11503747 9 209 47 291
car 0.005041461 0 200 7 223
car 0.0062676924 0 193 8 212
car 0.007283018 159 166 241 222
car 0.007295011 0 196 10 246
car 0.01067536 0 204 66 269
car 0.010755919 84 153 173 200
car 0.0224132 109 172 152 196
car 0.29271242 116 158 214 203
car 0.999987 97 185 463 326
