sheep 0.0077044955 304 104 500 355
sheep 0.025213223 302 0 415 131
sheep 0.059307616 397 75 435 124
sheep 0.2514655 445 6 500 149
sheep 0.77402604 292 61 346 136
sheep 0.9998727 15 36 500 375
person 0.009707499 53 16 382 375
person 0.010464783 397 75 435 124
person 0.013587499 291 53 347 123
person 0.054265156 26 0 102 130
person 0.056967396 10 30 46 136
person 0.3138784 0 0 30 210
person 0.3323214 174 0 214 60
person 0.8086107 330 0 411 131
horse 0.0072739436 290 61 348 136
horse 0.0073214616 45 0 500 348
dog 0.00951953 397 75 435 124
dog 0.011546145 292 61 346 136
cow 0.010108562 290 61 348 136
cow 0.015032543 45 0 500 348
cow 0.19048932 445 6 500 149
cat 0.0057697175 397 75 435 124
cat 0.005997995 290 61 348 136
