person 0.019807117 296 208 327 300
person 0.8426402 229 201 261 278
person 0.9870561 284 199 316 299
car 0.005188796 234 193 254 206
car 0.0057894858 231 186 276 203
car 0.0059673768 153 195 205 213
car 0.0061082863 386 184 451 205
car 0.008617406 251 196 294 227
car 0.008669671 163 193 239 234
car 0.009727763 234 189 258 200
car 0.014824461 262 186 282 195
car 0.022468695 225 191 289 238
car 0.024495166 227 190 264 211
bus 0.009988288 389 188 447 209
boat 0.005120655 42 202 130 241
boat 0.008688919 5 199 200 259
boat 0.010460722 0 192 95 245
boat 0.01575104 311 162 401 195
boat 0.23509912 386 184 451 205
aeroplane 0.007140083 319 165 384 183
aeroplane 0.036004134 311 162 401 195
aeroplane 0.06738359 386 184 451 205
