person 0.0058170343 492 60 499 128
person 0.006061916 447 39 470 75
person 0.0065302285 494 123 499 243
person 0.0069491053 317 55 326 77
person 0.0076904288 492 19 500 79
person 0.008017614 478 37 494 82
person 0.00996365 0 17 11 78
person 0.011813473 454 33 493 96
person 0.023034861 292 52 312 84
person 0.03648329 276 52 295 80
person 0.03780217 3 6 52 70
person 0.056353457 477 28 499 102
person 0.096704975 481 47 495 105
person 0.10188009 282 51 304 83
person 0.21103175 490 40 499 113
person 0.42461714 180 134 251 187
car 0.0061034057 435 34 476 64
car 0.0074585164 491 26 500 92
car 0.007870684 429 42 466 73
car 0.012964524 437 34 499 90
car 0.042456713 413 17 495 71
car 0.9256967 389 46 471 107
car 0.99739707 115 76 480 375
boat 0.010514459 430 17 500 73
boat 0.015669186 116 113 480 375
aeroplane 0.0072773662 430 17 500 73
