car 0.017812394 347 271 500 302
car 0.026521439 376 254 497 338
car 0.037671264 445 267 500 289
car 0.17015569 399 257 500 295
boat 0.0075999876 455 109 496 142
boat 0.00777507 1 0 15 173
boat 0.010162382 65 128 80 180
boat 0.013033955 65 99 80 151
boat 0.013174839 430 192 500 246
boat 0.013291376 57 94 119 219
boat 0.020042552 89 117 163 164
boat 0.029350614 78 121 117 190
boat 0.032155782 377 226 498 310
boat 0.034357104 0 0 28 227
boat 0.044348307 376 178 495 266
boat 0.049125448 4 39 22 197
boat 0.09268112 1 30 47 209
boat 0.11513703 50 93 80 180
boat 0.12077655 4 122 44 149
boat 0.14214787 0 171 55 220
boat 0.15328017 71 101 106 180
boat 0.28173319 8 66 39 173
boat 0.32226425 407 7 500 153
boat 0.99999213 66 1 498 355
