person 0.007218728 248 151 275 272
person 0.20672706 267 144 325 293
person 0.7695049 296 149 379 334
person 0.96139634 262 150 296 280
person 0.99278206 215 145 263 280
person 0.9970341 59 160 122 315
motorbike 0.0060003763 58 210 123 328
horse 0.04187479 70 255 135 331
horse 0.13313062 58 210 123 328
dog 0.0059660687 243 268 349 344
dog 0.008704235 101 258 132 326
dog 0.012629576 298 157 379 341
dog 0.012658999 58 210 123 328
dog 0.046467025 70 255 135 331
dog 0.9815576 279 265 327 331
chair 0.0196475 58 210 123 328
bicycle 0.017951686 58 210 123 328
