pottedplant 0.073759064 1 0 67 213
person 0.009084547 0 2 101 374
person 0.010289329 481 105 496 293
person 0.01249714 7 160 190 375
person 0.01359819 386 101 491 361
person 0.014322495 451 99 497 298
person 0.024014644 1 40 62 313
diningtable 0.040137567 134 210 444 371
diningtable 0.053711347 18 217 223 375
diningtable 0.99891925 0 146 500 375
chair 0.006957437 472 75 497 320
chair 0.007529635 461 168 496 266
chair 0.008147908 448 92 496 268
chair 0.011684414 410 211 494 374
chair 0.024342876 142 147 442 375
chair 0.031181948 0 195 52 375
chair 0.033383317 481 196 498 353
chair 0.04476931 452 156 498 352
chair 0.04596455 334 139 481 375
chair 0.050544105 481 133 496 301
chair 0.5522533 261 91 339 161
chair 0.81076014 160 98 243 167
chair 0.95090705 19 238 186 375
