sofa 0.0061213975 332 236 414 375
sofa 0.1947228 326 138 499 375
pottedplant 0.005477303 1 270 44 358
pottedplant 0.009061405 1 181 59 333
pottedplant 0.012419806 1 176 27 255
pottedplant 0.012442758 322 18 438 71
pottedplant 0.03796752 2 182 59 250
person 0.005146287 1 286 120 375
person 0.006721394 1 239 25 350
person 0.008094732 3 190 129 345
person 0.008801774 0 252 45 337
person 0.022070572 207 158 266 268
person 0.0386782 2 182 59 250
person 0.042514943 2 192 59 354
person 0.0542473 2 286 42 375
person 0.56628245 55 140 144 366
person 0.87023216 105 169 244 364
person 0.9965558 370 83 498 375
chair 0.0058213407 52 312 302 375
chair 0.010394561 322 225 481 375
chair 0.038383003 207 158 266 268
chair 0.042277 140 301 353 369
chair 0.37848356 367 120 497 375
