person 0.0063821496 74 239 90 293
person 0.01224528 9 233 39 306
person 0.057394892 1 230 10 322
person 0.2720765 77 231 105 304
person 0.87883687 0 232 24 312
person 0.9459949 45 239 76 315
car 0.0075275716 8 228 43 287
car 0.0076432405 308 278 432 328
car 0.007969996 273 240 330 262
car 0.009272668 15 239 53 275
car 0.009656319 304 241 363 256
car 0.01513575 35 238 70 310
car 0.020966351 294 247 347 270
car 0.021545049 237 239 322 278
car 0.02642038 20 236 64 262
car 0.042299233 75 233 110 286
car 0.05040188 274 242 357 277
car 0.06328612 300 232 415 268
car 0.13848032 324 231 375 260
car 0.23535945 14 232 83 281
car 0.30669576 279 250 327 280
car 0.54295576 356 223 468 273
car 0.94072086 293 248 447 319
car 0.95142853 418 258 500 329
car 0.9975509 86 225 286 329
bus 0.007449689 12 218 120 260
bus 0.009369476 100 223 291 329
bus 0.03454918 293 221 461 259
