person 0.049673006 339 88 361 124
person 0.06394171 246 85 266 124
person 0.09922358 244 88 274 151
person 0.10260097 460 83 496 149
person 0.11568042 1 66 17 167
person 0.14431718 277 79 291 150
person 0.16008842 227 75 245 116
person 0.18782169 277 74 307 158
person 0.20744005 388 87 405 122
person 0.21168374 0 74 9 153
person 0.30099326 167 68 190 101
person 0.33089685 206 60 245 133
person 0.34195778 350 85 372 125
person 0.34863788 56 69 72 105
person 0.37400162 381 91 399 135
person 0.6213383 341 88 371 150
person 0.6756686 284 70 357 245
person 0.69191253 191 57 257 252
person 0.97979975 370 67 486 328
person 0.9999294 17 4 252 334
motorbike 0.0073813046 455 94 499 333
motorbike 0.010005792 474 108 499 205
horse 0.0062433644 261 149 376 274
car 0.0056002075 1 83 9 165
bicycle 0.010803184 0 245 355 333
bicycle 0.011454859 475 121 499 227
bicycle 0.02492127 317 161 393 272
bicycle 0.3081387 268 156 359 270
