train 0.017599 146 31 450 304
person 0.00729361 267 125 285 145
person 0.007722556 468 157 483 190
person 0.012167435 471 167 480 191
person 0.02658518 479 157 495 188
person 0.04975998 489 151 500 192
person 0.06903632 450 165 465 198
person 0.089945406 442 163 454 199
person 0.11062085 266 124 287 161
person 0.195439 458 164 473 197
motorbike 0.0052157994 489 151 500 192
motorbike 0.015606178 458 164 473 197
horse 0.010485449 458 164 473 197
car 0.007239887 0 158 7 187
car 0.011597724 489 151 500 192
car 0.7924969 0 180 87 261
bus 0.99285626 164 49 434 281
boat 0.0053936364 168 37 452 249
