person 0.010445391 221 124 230 138
person 0.9956213 330 164 479 309
boat 0.0067198914 118 56 161 72
boat 0.0067441836 0 34 10 76
boat 0.007955497 357 54 378 79
boat 0.008007789 113 62 126 75
boat 0.008412223 163 57 172 70
boat 0.008903868 361 58 378 71
boat 0.011142252 361 55 378 64
boat 0.012469674 196 76 211 92
boat 0.015639476 171 89 189 102
boat 0.020756245 336 74 382 87
boat 0.024159638 177 87 195 102
boat 0.024798729 186 49 207 89
boat 0.07668689 191 68 259 130
boat 0.08542301 338 71 363 81
boat 0.118984655 348 72 374 81
boat 0.14246072 171 81 206 103
boat 0.16082111 172 52 206 102
boat 0.34696385 201 34 264 160
boat 0.4766187 182 72 208 96
boat 0.78296584 339 67 379 82
