person 0.0076484284 0 32 7 63
person 0.0078085843 0 54 11 295
person 0.008379009 180 161 271 236
person 0.008616031 85 93 161 143
person 0.009203046 0 14 24 333
person 0.013888973 483 35 500 129
person 0.015975619 0 39 22 73
person 0.017980825 104 85 320 268
person 0.019946048 93 1 126 50
person 0.036042355 490 42 500 109
person 0.039238498 0 35 11 77
person 0.04213336 113 48 147 85
person 0.08454628 42 2 97 51
person 0.31451017 37 94 174 285
person 0.58552766 155 136 282 266
person 0.695989 0 54 24 180
car 0.0054067867 313 5 350 30
car 0.0055763843 354 5 401 32
car 0.0068893894 321 0 362 19
car 0.11381023 23 61 239 125
car 0.16006099 337 5 410 43
