person 0.0062438613 60 67 67 81
boat 0.017485386 26 13 95 108
boat 0.018969802 71 24 87 37
boat 0.034012385 440 10 498 62
boat 0.037499614 350 15 389 34
boat 0.03873156 390 8 406 23
boat 0.051814757 120 87 139 100
boat 0.055160366 381 0 401 29
boat 0.06562217 116 86 162 102
boat 0.12076161 335 46 424 84
boat 0.12421411 415 0 433 36
boat 0.12512495 420 25 434 44
boat 0.12576427 238 44 258 59
boat 0.18790188 211 16 243 33
boat 0.20009024 363 50 416 75
boat 0.3634784 301 68 359 89
boat 0.43282676 446 31 489 59
boat 0.5499462 35 6 73 90
boat 0.66849935 152 4 189 83
boat 0.843122 286 4 321 29
boat 0.99965817 190 37 340 265
bird 0.005970134 71 24 87 37
bird 0.014659223 420 25 434 44
bird 0.016364438 238 44 258 59
