person 0.0053284215 318 136 344 170
person 0.005722051 48 162 121 223
person 0.005914551 320 94 339 108
person 0.005937054 204 125 230 156
person 0.008037083 483 135 499 256
person 0.009648102 320 92 341 134
person 0.014378681 233 115 258 152
person 0.17176324 310 134 340 221
person 0.27844504 318 134 350 259
person 0.90768266 224 114 269 245
person 0.93019474 62 137 99 229
person 0.9492422 94 132 128 230
person 0.9660248 328 128 379 272
person 0.9883737 178 129 238 270
person 0.99872893 372 130 418 263
diningtable 0.014077913 134 171 193 230
chair 0.005841754 53 150 92 229
chair 0.006380203 297 163 338 254
chair 0.0076954197 160 162 197 231
chair 0.008797826 272 165 325 249
chair 0.033363637 141 170 187 229
car 0.007046792 320 94 339 108
car 0.010224893 0 134 9 190
bicycle 0.0070154 480 175 500 288
bicycle 0.007313257 256 163 298 237
bicycle 0.007382026 376 151 416 263
bicycle 0.01014217 337 192 482 262
bicycle 0.013398029 124 167 163 227
bicycle 0.013970158 315 147 366 268
bicycle 0.024837421 151 147 260 258
bicycle 0.041332096 305 146 340 243
bicycle 0.04311276 92 149 129 228
bicycle 0.066427805 232 146 278 239
bicycle 0.17653057 48 162 121 223
bicycle 0.39290407 86 163 160 229
bicycle 0.41761422 411 187 490 267
bicycle 0.438334 134 171 193 230
bicycle 0.56119204 261 166 333 247
