pottedplant 0.006447842 77 134 93 174
pottedplant 0.009562919 378 117 425 198
pottedplant 0.0099706715 87 128 122 199
person 0.05162998 87 128 122 199
diningtable 0.0053217816 16 233 93 354
diningtable 0.009657526 5 216 49 295
diningtable 0.012022734 429 276 498 375
diningtable 0.012828933 30 281 105 371
chair 0.0063300207 12 225 54 255
chair 0.01007662 1 223 10 295
chair 0.0136915 32 288 103 372
chair 0.019560918 2 210 21 297
chair 0.18548009 5 216 49 295
chair 0.23956281 24 245 101 303
chair 0.25263003 8 226 87 288
chair 0.60203105 21 238 106 354
chair 0.6227639 67 293 173 374
chair 0.86058754 429 276 498 375
