sheep 0.0067001455 2 63 497 328
sheep 0.007214076 9 72 188 181
sheep 0.010912159 321 27 475 136
sheep 0.019466026 371 66 497 191
sheep 0.034873754 0 59 271 271
sheep 0.06485067 21 8 241 175
sheep 0.17510085 4 95 126 310
sheep 0.18845072 298 92 500 317
sheep 0.69363755 226 72 411 201
sheep 0.972025 0 144 327 327
dog 0.009716113 371 66 497 191
dog 0.0107552195 321 27 475 136
dog 0.013074275 298 92 500 317
dog 0.017664323 0 144 327 327
dog 0.0720621 21 8 241 175
dog 0.08069356 226 72 411 201
cow 0.0530496 226 72 411 201
cat 0.00831471 297 141 499 322
bird 0.010762648 226 72 411 201
