pottedplant 0.005358045 196 0 233 19
pottedplant 0.005679359 6 51 43 149
pottedplant 0.006251167 143 49 225 113
pottedplant 0.0070968387 2 119 45 268
pottedplant 0.00712536 13 53 80 108
pottedplant 0.0080318265 30 59 72 91
pottedplant 0.014637625 15 145 94 274
pottedplant 0.017106565 0 123 10 181
pottedplant 0.040895533 2 67 25 209
pottedplant 0.057534907 1 164 29 266
pottedplant 0.11583926 1 48 51 227
pottedplant 0.78062123 24 72 98 242
pottedplant 0.93717164 138 39 381 314
pottedplant 0.94784886 83 63 159 247
person 0.03940355 228 40 298 130
person 0.039861176 156 41 394 315
