person 0.0058289827 361 375 373 389
person 0.0067256778 225 363 237 400
person 0.0083823595 136 358 149 416
person 0.010919115 343 371 353 392
person 0.011308824 369 371 375 393
person 0.014723697 11 362 22 415
person 0.01517128 207 362 221 402
person 0.025540069 175 358 190 406
person 0.031877726 212 362 227 402
person 0.30009627 0 312 21 429
person 0.77794033 188 354 203 408
person 0.86786026 142 338 167 422
car 0.007685258 361 375 373 389
bus 0.009094646 302 331 367 389
bus 0.016549867 265 327 351 389
bus 0.93533707 263 314 314 403
