person 0.005223206 167 166 189 196
person 0.0063455645 0 136 7 230
person 0.0077721826 129 155 152 193
person 0.009531029 57 164 71 180
person 0.0114997225 398 161 477 210
person 0.012299478 112 167 133 200
person 0.012824981 455 149 472 191
person 0.012881337 186 166 204 183
person 0.015047341 137 165 156 220
person 0.020068383 170 163 206 187
person 0.020589152 146 168 178 225
person 0.028684558 1 158 26 233
person 0.046924468 23 164 96 207
person 0.13072847 61 159 83 186
person 0.15475738 215 151 235 178
person 0.19151363 450 150 468 177
person 0.27043492 209 150 227 178
person 0.29512322 437 149 453 176
person 0.66322666 429 151 446 177
person 0.9014831 122 158 159 226
car 0.008820304 6 171 62 196
car 0.011693023 111 168 153 199
car 0.014622801 8 164 39 223
car 0.014821115 162 196 316 227
car 0.015624354 204 180 317 213
car 0.024743222 221 167 339 202
car 0.053271733 149 169 347 219
car 0.054734 233 172 296 194
car 0.058332253 4 189 28 231
car 0.07316927 457 179 494 207
car 0.075079836 112 166 172 220
car 0.38615522 311 173 368 206
car 0.4009412 265 175 365 214
car 0.5089797 124 206 363 295
car 0.6007625 128 191 310 255
car 0.7291734 143 180 259 219
car 0.8296901 395 173 478 207
car 0.90461 13 169 91 211
car 0.9843702 227 220 442 309
car 0.9997429 0 254 248 349
