pottedplant 0.005451306 63 99 80 133
person 0.008559236 302 108 322 140
person 0.008896339 312 108 333 141
person 0.009612116 326 118 337 142
person 0.009956188 31 96 42 116
person 0.012478986 391 107 411 139
person 0.014083244 42 107 63 136
person 0.022305561 316 118 328 141
person 0.02468657 435 110 444 132
person 0.026996255 321 106 340 142
person 0.027270384 24 103 62 138
person 0.042439513 62 105 100 139
person 0.048897363 306 121 318 141
person 0.055408336 206 131 227 171
person 0.05977039 480 108 498 142
person 0.06233018 55 102 72 138
person 0.28003973 70 100 88 140
person 0.28751853 459 104 487 161
person 0.45980167 62 99 81 140
person 0.54513365 31 96 49 133
person 0.7324882 216 68 295 235
motorbike 0.0051235505 32 99 49 140
motorbike 0.006421219 24 103 62 138
motorbike 0.01524336 70 100 88 140
motorbike 0.021200271 73 117 109 141
motorbike 0.025626058 1 106 45 135
motorbike 0.031789538 62 105 100 139
motorbike 0.91397375 196 119 321 274
car 0.0052999496 332 107 351 139
car 0.0055822935 490 103 499 121
car 0.0063663786 122 110 138 138
car 0.0064688055 438 109 455 120
car 0.0067135366 479 115 496 144
car 0.0067173503 123 110 156 138
car 0.009782045 24 103 62 138
car 0.009951765 294 107 331 139
car 0.010025616 62 105 100 139
car 0.011908542 0 96 24 132
car 0.012491711 306 102 356 126
car 0.020198857 313 107 349 139
car 0.021899663 455 112 495 147
car 0.022975337 338 105 360 137
car 0.024014698 486 103 499 143
car 0.030368973 286 101 339 124
car 0.0483615 285 94 385 138
car 0.051074266 80 111 120 138
car 0.134549 1 106 45 135
car 0.15791689 332 102 387 127
bicycle 0.0051237736 13 105 53 135
bicycle 0.011946847 62 105 100 139
bicycle 0.028522177 73 117 109 141
aeroplane 0.010573259 267 80 403 127
aeroplane 0.07969298 285 94 385 138
aeroplane 0.15004657 234 55 427 137
