person 0.006936308 432 81 445 104
person 0.0076647257 423 68 437 85
person 0.007931381 491 57 500 116
person 0.008013724 350 70 390 98
person 0.009264141 429 68 444 84
person 0.009602932 484 78 498 264
person 0.027948217 490 77 499 170
person 0.072041355 410 73 427 101
person 0.09475247 380 71 397 100
person 0.10108751 370 70 389 100
person 0.21616979 426 66 446 104
person 0.2523235 391 72 409 101
person 0.2763626 399 73 416 100
person 0.6677338 418 69 439 104
person 0.89388484 479 72 500 168
car 0.999928 17 40 479 281
