person 0.021219892 372 39 389 98
person 0.02165332 352 28 374 54
person 0.022818655 300 71 370 125
person 0.024130663 389 42 409 74
person 0.024658436 458 44 490 197
person 0.02933224 412 25 443 131
person 0.032345794 489 28 500 88
person 0.035812635 0 18 21 188
person 0.036097385 475 22 498 106
person 0.0694289 382 40 395 60
person 0.11241292 357 30 378 66
person 0.11292849 400 44 417 93
person 0.12896185 380 41 398 73
person 0.16717477 379 37 412 95
person 0.28363064 356 29 386 97
person 0.29963964 407 14 434 81
person 0.36669952 480 36 499 197
person 0.9748172 415 34 488 201
person 0.9937085 1 20 60 193
person 0.99415857 295 16 371 122
motorbike 0.9999701 23 39 479 321
