sofa 0.06264166 242 213 499 372
person 0.008299969 96 160 155 303
person 0.012529832 2 165 21 306
person 0.017489126 317 196 485 328
person 0.02072834 0 144 30 369
person 0.020851566 136 126 223 274
person 0.08609163 306 245 497 367
person 0.15837109 0 217 22 373
person 0.8664084 253 164 489 373
person 0.9290123 99 125 196 301
person 0.9593064 287 70 361 295
motorbike 0.017011931 283 211 500 370
diningtable 0.0074441377 6 160 78 273
chair 0.0067520477 0 245 22 375
chair 0.0084232 100 151 194 307
chair 0.3797093 283 211 500 370
bicycle 0.0055979174 0 154 116 370
bicycle 0.0076809395 1 209 43 301
bicycle 0.0077876314 0 125 31 348
bicycle 0.008336234 0 245 22 375
bicycle 0.012928198 22 174 67 260
bicycle 0.01752683 2 148 23 286
bicycle 0.035161357 0 188 52 358
bicycle 0.19112092 2 152 61 282
