sofa 0.024181478 145 179 325 447
sheep 0.011577535 145 179 325 447
person 0.00576098 299 162 328 278
person 0.005781552 254 133 291 229
person 0.0061502755 209 112 287 220
person 0.008197762 208 171 333 328
person 0.009012989 186 146 309 264
person 0.009760188 277 151 330 399
person 0.016420396 178 108 225 182
person 0.36200637 176 110 252 216
person 0.4704389 100 166 257 468
person 0.6617432 254 116 331 288
person 0.9900186 163 159 321 425
person 0.9988525 0 16 154 486
chair 0.00976069 255 121 333 320
bottle 0.006253402 237 99 261 125
bottle 0.022272035 291 192 302 238
bicycle 0.054527793 287 87 331 164
