pottedplant 0.0058645625 164 221 177 239
pottedplant 0.0058697485 92 224 110 253
pottedplant 0.0068521895 150 221 164 240
pottedplant 0.0078085554 171 216 182 233
pottedplant 0.011037466 149 221 185 252
pottedplant 0.013928286 110 223 124 256
pottedplant 0.015827453 113 230 123 251
pottedplant 0.01745142 93 193 168 250
pottedplant 0.07220151 145 215 167 248
pottedplant 0.094942994 165 218 184 245
pottedplant 0.112305 130 189 163 252
pottedplant 0.15980394 102 225 120 253
person 0.005883731 477 219 489 241
person 0.0077611455 472 221 484 239
person 0.009273955 271 222 285 262
person 0.012932798 491 214 500 268
person 0.016856594 296 228 308 266
person 0.018322352 403 219 429 318
person 0.020119812 494 213 499 324
person 0.02065158 363 229 377 286
person 0.027422642 381 224 394 283
person 0.028963063 21 225 44 259
person 0.029934403 396 214 421 300
person 0.07503117 475 219 493 262
person 0.11250883 284 220 299 267
person 0.15697502 480 217 497 324
person 0.27484134 353 230 370 271
person 0.6909583 392 221 409 285
person 0.8052353 372 221 389 293
person 0.8742208 276 219 291 267
person 0.9968431 449 220 485 327
person 0.99846935 413 217 449 320
motorbike 0.006559116 484 276 500 357
car 0.0053782645 494 227 500 254
car 0.005492457 494 211 499 307
car 0.0067054434 323 244 356 274
car 0.008802822 491 214 500 268
car 0.020994207 484 276 500 357
bicycle 0.02313931 484 276 500 357
