sofa 0.0055203396 222 194 290 244
sofa 0.015011471 114 186 170 246
person 0.06463142 120 182 168 250
diningtable 0.006539735 119 196 239 270
diningtable 0.13962814 17 309 318 375
chair 0.005546611 0 239 47 313
chair 0.006265442 88 196 120 272
chair 0.0066118464 7 262 79 313
chair 0.0066838884 222 194 290 244
chair 0.010034102 152 195 221 247
chair 0.013235098 121 205 211 265
chair 0.016423823 219 196 256 249
chair 0.050934054 107 264 172 322
chair 0.08665164 188 194 246 251
chair 0.09012789 159 211 210 283
chair 0.104492046 234 266 333 369
chair 0.28997472 120 182 168 250
chair 0.8755074 166 196 236 274
bottle 0.008383403 212 336 224 375
bottle 0.021244287 79 271 98 345
