tvmonitor 0.00606415 359 121 377 166
tvmonitor 0.14451881 374 123 407 160
sofa 0.010702426 162 155 254 268
sofa 0.08249665 169 162 246 222
sofa 0.09103138 243 159 323 227
pottedplant 0.006761682 359 148 376 177
pottedplant 0.010742681 362 152 373 172
pottedplant 0.015636265 357 154 367 169
chair 0.010104465 381 178 488 266
chair 0.014541839 187 149 315 229
chair 0.01631692 337 251 497 375
chair 0.019674005 373 131 410 228
chair 0.07446436 471 198 500 281
chair 0.07672106 368 167 409 261
chair 0.15495752 166 149 251 250
chair 0.16538739 238 150 323 208
chair 0.535514 170 154 245 205
