sofa 0.64617723 122 207 379 300
sofa 0.84455806 30 164 227 239
pottedplant 0.006582002 406 124 414 143
pottedplant 0.010799853 433 135 442 153
pottedplant 0.011797509 420 125 431 145
pottedplant 0.014687108 416 128 435 156
pottedplant 0.024623305 420 134 432 151
pottedplant 0.02570886 413 135 426 151
pottedplant 0.029547328 413 125 425 144
pottedplant 0.07912301 411 121 429 152
chair 0.0061353054 439 128 458 157
chair 0.0067917723 416 128 435 156
chair 0.0075916 442 136 453 153
chair 0.009100438 433 135 442 153
chair 0.009307004 420 134 432 151
chair 0.03855711 122 207 379 300
chair 0.10631091 30 164 227 239
car 0.01879226 30 164 227 239
bottle 0.005364671 448 128 465 158
bottle 0.007023382 442 136 453 153
bottle 0.0083487015 452 125 459 143
bottle 0.009764486 433 135 442 153
bottle 0.01664583 462 135 469 159
bottle 0.024588726 452 135 461 155
