tvmonitor 0.03119607 415 63 479 109
tvmonitor 0.07026817 417 72 458 102
person 0.0072361273 194 101 243 127
person 0.008670023 245 117 269 153
person 0.010899279 236 99 271 119
person 0.030245315 236 102 271 170
person 0.03398565 225 98 266 129
person 0.14213434 208 97 243 119
person 0.18825251 417 72 458 102
person 0.25907323 207 99 244 167
car 0.006487607 0 116 23 154
car 0.009205311 0 118 7 207
car 0.024221413 416 76 459 110
car 0.030132111 0 119 11 170
car 0.050447416 0 119 23 195
car 0.9757334 0 117 141 210
car 0.9999567 26 108 423 355
