pottedplant 0.00963309 275 132 352 190
pottedplant 0.023904018 224 191 317 250
person 0.0064394157 191 187 213 221
person 0.012480283 186 181 221 232
person 0.0156697 185 189 201 226
person 0.99876726 34 140 239 381
diningtable 0.019707883 2 399 156 494
car 0.2477748 186 183 219 215
bottle 0.0055007995 243 284 297 500
bottle 0.008671512 56 265 99 364
bottle 0.014550971 2 399 156 494
bottle 0.03163613 107 305 174 443
bottle 0.2033684 0 346 46 489
bottle 0.6920501 44 280 125 464
bottle 0.98516136 215 281 270 474
