sofa 0.051127743 170 151 270 201
sheep 0.021573136 148 152 217 203
pottedplant 0.008902329 451 285 495 374
pottedplant 0.10829665 383 269 496 357
pottedplant 0.3038741 366 205 407 263
person 0.008348282 170 151 270 201
person 0.116355985 148 152 217 203
horse 0.053564575 148 152 217 203
dog 0.04228051 170 151 270 201
dog 0.19720025 148 152 217 203
diningtable 0.014436812 170 151 270 201
cow 0.019365383 170 151 270 201
cow 0.09580874 148 152 217 203
chair 0.046114124 170 151 270 201
chair 0.0801627 148 152 217 203
cat 0.00833493 148 152 217 203
