person 0.0058024083 318 36 356 92
person 0.008144368 218 5 255 30
person 0.014696453 0 62 5 150
motorbike 0.020184238 320 59 360 91
car 0.009122334 127 30 150 41
car 0.00968973 25 25 40 36
car 0.011593547 117 63 172 135
car 0.012385362 1 16 25 46
car 0.013230659 219 1 254 20
car 0.0132332165 301 38 376 88
car 0.014312683 0 9 12 51
car 0.030474482 178 29 198 42
car 0.03764922 7 28 22 45
car 0.048594497 174 19 205 42
car 0.050980177 15 28 33 42
car 0.06158145 5 19 40 42
car 0.09051524 0 27 9 48
car 0.0906245 126 28 171 43
car 0.28352413 85 31 103 44
car 0.4037974 339 36 403 94
car 0.52306217 117 54 213 117
car 0.8052044 376 39 497 188
car 0.82930773 212 18 372 78
car 0.9999045 119 60 462 343
bicycle 0.013517636 320 59 360 91
