sheep 0.005216344 157 333 270 376
sheep 0.0057268883 147 121 238 163
sheep 0.006165163 216 157 238 197
sheep 0.009636955 126 379 226 454
sheep 0.010564107 166 329 316 413
sheep 0.03154483 222 347 319 471
sheep 0.03531863 208 158 233 211
sheep 0.054050893 235 162 256 194
sheep 0.097316265 157 130 206 167
sheep 0.26710305 161 154 218 215
sheep 0.30286217 209 148 250 204
sheep 0.40167063 106 361 302 465
person 0.012145554 204 137 239 200
dog 0.012727595 108 366 245 465
dog 0.03972279 209 139 253 201
cow 0.030285062 209 148 250 204
chair 0.005728956 108 366 245 465
cat 0.0053386986 126 379 226 454
cat 0.00554248 209 148 250 204
cat 0.008602152 166 329 316 413
cat 0.06419052 214 361 296 469
cat 0.56431735 106 361 302 465
bottle 0.0065596295 161 154 218 215
bird 0.005417309 209 139 253 201
bird 0.0126017425 214 361 296 469
bird 0.072998255 106 361 302 465
