tvmonitor 0.00554658 0 251 90 373
tvmonitor 0.07663269 3 112 42 201
pottedplant 0.0050057117 402 260 431 314
pottedplant 0.006708941 394 201 464 309
pottedplant 0.0072302744 58 256 124 366
pottedplant 0.007458958 357 244 393 307
pottedplant 0.007919684 0 126 23 220
pottedplant 0.008494668 434 222 471 294
pottedplant 0.00918726 471 197 498 280
pottedplant 0.0099249985 63 291 106 365
pottedplant 0.041426554 373 227 450 295
pottedplant 0.044447467 458 210 494 295
pottedplant 0.07435861 373 237 416 312
pottedplant 0.10628703 3 112 42 201
pottedplant 0.5389379 396 236 438 317
pottedplant 0.74963397 66 257 187 370
pottedplant 0.8721824 394 31 494 323
dog 0.007811271 394 31 494 323
chair 0.012812164 34 258 183 368
chair 0.24016108 0 251 90 373
