train 0.007922978 14 0 491 316
person 0.007985876 366 108 379 175
person 0.008945788 398 92 419 136
person 0.009774678 287 135 337 325
person 0.010659228 376 87 441 303
person 0.0127836 369 92 388 137
person 0.08671962 368 98 395 177
person 0.2953603 236 110 321 329
person 0.582068 379 94 417 177
car 0.006294832 0 122 14 160
car 0.008627263 4 141 18 157
car 0.011014857 1 133 10 153
car 0.013222747 0 139 9 160
bus 0.006397841 0 122 14 160
bus 0.00847208 2 112 21 155
bus 0.9894484 11 0 492 277
boat 0.0094320895 14 0 491 316
