pottedplant 0.0056313444 9 147 50 207
pottedplant 0.0058339196 12 148 53 177
pottedplant 0.0069275973 347 151 457 238
pottedplant 0.0076657147 44 261 156 325
pottedplant 0.0086915 112 135 131 176
pottedplant 0.01483548 7 125 47 188
pottedplant 0.028835295 0 119 23 190
pottedplant 0.04544513 260 179 328 250
pottedplant 0.43990377 384 163 433 236
person 0.005036377 343 135 376 222
person 0.013893775 0 119 23 190
person 0.014937157 1 118 10 189
diningtable 0.0053396565 260 179 328 250
diningtable 0.009163677 14 239 411 370
chair 0.0066607404 321 203 360 241
chair 0.009114946 167 158 206 189
chair 0.020439303 113 143 148 212
chair 0.045961082 243 177 322 252
chair 0.07261195 348 208 390 240
chair 0.13717484 242 183 281 252
chair 0.1440662 326 199 393 247
car 0.0064768638 1 104 24 180
