person 0.0082347235 95 136 112 170
person 0.025427429 302 128 321 165
person 0.03099346 101 137 120 173
person 0.113333516 137 136 156 172
person 0.15537775 111 138 128 171
motorbike 0.0072933543 302 135 322 165
horse 0.016509015 95 136 112 170
horse 0.049413268 260 136 292 167
horse 0.12795116 100 141 121 176
horse 0.19509193 111 138 128 171
horse 0.23919518 137 136 156 172
horse 0.29416898 456 132 500 169
horse 0.30483678 302 135 322 165
dog 0.005343535 109 142 127 174
dog 0.01109039 456 132 500 169
dog 0.016896823 100 141 121 176
dog 0.02684673 302 135 322 165
dog 0.053339466 136 143 157 173
cow 0.0059421887 121 137 137 171
cow 0.023367977 472 138 498 166
cow 0.025966844 95 136 112 170
cow 0.09726215 260 136 292 167
cow 0.18904765 100 141 121 176
cow 0.42733696 111 138 128 171
cow 0.5311532 137 136 156 172
cow 0.5652462 302 135 322 165
cow 0.6599109 456 132 500 169
bicycle 0.0066559063 136 143 157 173
bicycle 0.032132402 299 135 327 164
