person 0.018587781 318 240 330 256
person 0.10011118 324 240 336 258
motorbike 0.0074812323 318 240 330 256
motorbike 0.015286174 324 240 336 258
car 0.0054275314 240 233 252 242
car 0.0067329286 297 238 310 246
car 0.0073709926 278 239 292 252
car 0.009370654 192 228 201 239
car 0.011840384 192 231 201 245
car 0.0122391945 309 238 319 247
car 0.019901596 284 237 296 249
car 0.028088622 322 236 338 250
car 0.03052959 324 240 336 258
car 0.032375477 357 262 382 277
car 0.05154053 318 240 330 256
car 0.053567745 315 236 331 249
car 0.058540013 261 233 272 244
car 0.058551785 260 231 292 248
car 0.058730528 314 231 334 255
car 0.15583444 267 232 282 247
car 0.87492967 273 235 295 250
car 0.9805399 203 232 231 254
bus 0.007272308 273 235 295 250
bicycle 0.0062426217 324 240 336 258
