pottedplant 0.006120449 264 233 302 264
pottedplant 0.0084953755 262 164 270 184
pottedplant 0.009793728 150 177 177 267
pottedplant 0.010116216 270 163 277 186
pottedplant 0.017206432 144 212 160 267
pottedplant 0.019774288 148 216 168 264
pottedplant 0.027586015 221 137 244 172
pottedplant 0.028125975 246 235 284 262
pottedplant 0.05116714 282 223 300 263
pottedplant 0.16888528 186 222 222 262
pottedplant 0.45102176 161 217 186 264
pottedplant 0.63904834 210 209 267 265
person 0.007326951 420 175 439 192
person 0.016944481 413 171 445 196
person 0.03493362 410 172 445 224
person 0.10081985 165 3 320 84
diningtable 0.81920004 104 320 310 375
chair 0.010700846 35 288 110 374
chair 0.034730725 214 289 303 323
chair 0.5547543 141 322 255 371
chair 0.65650046 50 298 155 375
bottle 0.0053814533 279 164 286 184
bottle 0.008084951 262 164 270 184
bottle 0.008662692 266 159 280 187
bottle 0.013108881 181 144 197 179
bottle 0.015628744 220 136 239 174
bottle 0.034142245 270 163 277 186
bottle 0.30787778 201 133 216 176
