person 0.0069576018 473 0 500 251
person 0.00783559 484 21 500 218
person 0.014399621 249 0 341 58
person 0.018109487 412 3 499 196
motorbike 0.005219903 208 30 448 124
motorbike 0.006626853 229 0 498 167
motorbike 0.0069156657 0 25 65 175
motorbike 0.0074208477 17 74 229 161
motorbike 0.0075460547 366 0 453 48
motorbike 0.008210557 372 5 500 88
motorbike 0.009544058 412 3 499 196
motorbike 0.010897817 450 183 500 328
motorbike 0.022113426 144 1 219 124
motorbike 0.029778497 328 3 426 70
motorbike 0.031826064 67 0 264 110
motorbike 0.044330936 249 0 341 58
motorbike 0.1659338 198 3 278 78
motorbike 0.38913244 247 3 475 81
motorbike 0.40475178 0 68 126 173
motorbike 0.64902604 210 0 368 88
motorbike 0.98446995 0 0 203 171
motorbike 0.99960566 2 12 496 320
