train 0.36418778 194 0 500 313
person 0.0060442244 2 106 24 204
person 0.012695299 8 87 167 174
person 0.017677462 159 82 414 306
person 0.04200854 28 163 232 325
person 0.13311404 43 84 84 163
person 0.62726027 74 192 167 333
person 0.7734575 2 85 82 183
person 0.9987795 201 7 500 333
motorbike 0.006136871 13 102 315 295
motorbike 0.006527506 24 114 309 199
motorbike 0.023759201 187 51 500 327
car 0.005514814 170 140 328 260
car 0.061198972 173 63 499 319
car 0.069670215 13 102 315 295
car 0.092327654 158 111 338 212
car 0.21143883 24 114 309 199
bus 0.005616647 194 0 500 313
boat 0.015072195 168 58 500 319
aeroplane 0.0068754735 156 0 500 303
