person 0.006148249 26 114 37 138
person 0.0062231277 493 84 500 168
person 0.007158512 81 112 97 157
person 0.008395854 472 107 485 158
person 0.012070622 66 105 95 171
person 0.021139666 475 98 493 157
person 0.023578862 74 112 88 158
person 0.03546342 64 113 83 156
person 0.7837379 60 72 156 353
person 0.99980587 318 36 469 356
car 0.0058876737 57 115 66 134
car 0.0071801096 74 101 90 153
car 0.029489508 35 102 53 133
car 0.03182924 63 108 82 145
car 0.032879807 51 102 71 133
car 0.100582525 24 99 42 137
car 0.101336814 43 104 63 133
bus 0.0069932765 51 102 71 133
bus 0.007889216 43 104 63 133
bus 0.007993517 24 99 42 137
boat 0.009779341 6 142 83 297
