tvmonitor 0.15316987 290 1 375 127
person 0.013153673 115 175 279 456
person 0.029848894 145 118 374 312
person 0.121534646 2 169 223 479
person 0.53437763 126 126 257 319
person 0.721053 160 202 283 377
person 0.74963015 12 100 81 197
person 0.9571846 215 286 368 493
person 0.95878774 110 116 177 246
diningtable 0.011922833 9 181 157 312
diningtable 0.045278117 145 118 374 312
diningtable 0.16639663 4 187 302 500
diningtable 0.3936521 7 174 215 402
chair 0.0069456347 0 132 24 199
chair 0.36658183 10 109 84 188
