sofa 0.014070517 33 164 443 318
sofa 0.025775345 186 65 367 168
sofa 0.5434098 28 49 381 202
person 0.013866335 477 0 498 124
person 0.015863959 46 7 213 182
person 0.045387644 28 39 335 213
person 0.047535945 14 160 366 313
person 0.1511977 284 39 304 73
person 0.576004 70 6 187 116
dog 0.99860376 40 174 437 315
diningtable 0.016899472 28 49 381 202
diningtable 0.22354926 26 134 393 306
chair 0.0054178643 33 164 443 318
chair 0.0055207475 63 14 194 137
chair 0.014572877 194 52 361 150
bottle 0.005728121 298 0 307 19
