tvmonitor 0.0053496617 292 9 374 93
tvmonitor 0.25650063 175 10 298 88
person 0.011455268 219 278 251 343
person 0.015581233 197 273 238 336
person 0.73063755 254 133 341 306
person 0.7340965 2 149 110 361
person 0.8499555 152 273 235 346
person 0.93364537 196 122 274 318
person 0.9336838 258 253 369 475
person 0.98486435 169 332 304 496
person 0.99092317 8 285 135 492
diningtable 0.008072547 179 340 315 490
diningtable 0.13993303 28 294 272 489
chair 0.0070375614 88 446 155 495
chair 0.007779695 205 178 274 335
chair 0.014070598 154 231 211 284
chair 0.035721175 178 363 321 497
bottle 0.21891959 235 273 249 333
