sofa 0.009033317 292 195 496 374
person 0.012183085 114 134 182 183
person 0.01696955 8 137 132 254
person 0.02914296 303 151 399 318
person 0.035579223 298 139 349 211
person 0.13227111 129 136 154 171
person 0.4234897 298 147 370 244
person 0.77940583 120 133 206 252
person 0.8952077 222 137 308 206
person 0.9808657 0 137 195 322
person 0.9998188 305 146 481 366
diningtable 0.69329876 44 216 361 365
chair 0.054770835 478 249 499 373
chair 0.08998905 292 195 496 374
bottle 0.005081373 191 200 200 224
bottle 0.0059741717 169 202 186 243
bottle 0.0064343875 321 207 362 233
bottle 0.0068396684 129 136 154 171
bottle 0.007804582 226 218 243 283
bottle 0.008918424 125 219 154 287
bottle 0.012795863 142 231 157 285
bottle 0.037619933 182 199 197 243
bottle 0.048394192 158 213 177 290
bottle 0.07999849 188 200 202 240
bottle 0.25554344 168 213 184 266
bottle 0.9945826 107 210 131 301
