tvmonitor 0.006496007 92 291 159 338
person 0.005212364 317 321 327 332
person 0.0054768086 346 319 354 331
person 0.0055606607 123 311 141 340
person 0.005702884 372 289 386 326
person 0.009361466 357 296 368 314
person 0.015758138 326 321 336 332
person 0.019955544 126 317 138 335
person 0.02205744 336 320 344 332
car 0.0063581183 3 359 24 375
car 0.009806539 60 337 104 359
car 0.011941285 103 331 120 345
car 0.013137364 1 355 11 375
car 0.015390001 101 337 119 348
car 0.04761479 6 357 60 374
bus 0.010800336 92 291 159 338
boat 0.00571635 456 245 497 305
boat 0.0057282806 454 282 475 315
boat 0.006158558 391 233 472 279
boat 0.0061670975 277 232 460 316
boat 0.0062621734 317 321 327 332
boat 0.0065821963 326 321 336 332
boat 0.0067250216 473 288 499 324
boat 0.007035527 281 306 322 330
boat 0.0085665 357 281 465 340
boat 0.02064821 453 284 500 313
boat 0.033029344 467 277 500 305
boat 0.99733007 313 247 486 373
