sofa 0.006378205 232 28 423 333
pottedplant 0.009632818 206 194 280 231
person 0.096596286 323 13 494 321
person 0.9993409 232 0 429 333
motorbike 0.018852344 232 28 423 333
chair 0.083279274 232 28 423 333
cat 0.014228883 206 194 280 231
bottle 0.005360687 204 193 302 229
bottle 0.005534991 242 173 324 222
bottle 0.015968265 283 168 305 217
bottle 0.9367638 281 163 316 233
bird 0.021789579 206 194 280 231
bicycle 0.06645838 230 0 496 301
bicycle 0.13164252 435 69 500 283
bicycle 0.89466625 381 16 500 323
