sheep 0.008038511 380 164 402 187
sheep 0.011972831 449 188 490 215
sheep 0.07194459 387 165 408 191
horse 0.010253393 253 173 313 233
horse 0.058855046 387 165 408 191
horse 0.316021 455 186 490 218
cow 0.005507277 123 119 170 154
cow 0.008284185 84 188 162 231
cow 0.011357877 267 147 302 184
cow 0.016493205 380 164 402 187
cow 0.017848648 114 155 175 212
cow 0.020116769 246 169 266 208
cow 0.020461319 477 190 493 217
cow 0.021905681 104 105 162 164
cow 0.030694142 206 175 226 219
cow 0.647541 206 171 247 235
cow 0.7047589 387 165 408 191
cow 0.75010115 455 186 490 218
cow 0.8286887 108 113 175 198
cow 0.89212495 166 161 209 226
cow 0.9359383 250 159 316 234
car 0.0067990473 138 274 439 325
car 0.05884475 0 244 500 325
