sofa 0.009422152 93 165 225 236
pottedplant 0.005859933 464 87 483 139
pottedplant 0.006322951 81 51 101 79
person 0.0062138564 456 39 489 139
person 0.0068363314 227 45 254 205
person 0.012419162 92 52 127 80
person 0.012536647 305 58 331 195
person 0.01322539 414 23 441 147
person 0.020192383 362 116 383 213
person 0.035177555 93 165 225 236
person 0.04872029 347 19 398 203
person 0.05375753 410 18 440 81
person 0.08875956 398 23 435 119
person 0.17195885 291 23 335 203
person 0.95021516 83 45 136 215
person 0.96924776 234 35 279 212
person 0.978649 385 25 433 202
person 0.99294406 10 25 83 225
person 0.9953121 130 47 182 209
person 0.9954365 422 20 482 202
person 0.99564815 320 29 379 213
person 0.9979405 271 32 322 216
person 0.9982437 174 31 236 216
diningtable 0.0068950625 11 49 83 229
diningtable 0.008741017 96 195 226 236
chair 0.0059074303 129 66 183 213
chair 0.0060974387 383 65 432 216
chair 0.006829097 83 46 136 234
chair 0.030392407 272 66 324 212
chair 0.064915925 11 49 83 229
chair 0.086817004 99 185 222 234
