sheep 0.0062815878 278 108 347 146
sheep 0.0072512487 463 111 486 152
sheep 0.011911595 136 105 221 149
sheep 0.016083537 466 98 500 150
sheep 0.018922932 217 107 277 149
sheep 0.023836633 0 105 11 146
person 0.006817214 0 105 11 146
horse 0.005824003 129 105 208 149
horse 0.007205282 278 108 347 146
horse 0.009203724 217 104 275 146
horse 0.022970188 463 103 500 145
horse 0.036344595 0 105 11 146
horse 0.18828824 107 94 146 133
dog 0.014175348 0 105 11 146
cow 0.010496873 463 111 486 152
cow 0.013230667 308 103 349 129
cow 0.048110157 103 101 184 142
cow 0.13522781 0 105 11 146
cow 0.18116786 466 98 500 150
cow 0.5071785 106 94 140 132
cow 0.7735066 217 107 277 149
cow 0.9213664 278 108 347 146
cow 0.93896544 136 105 221 149
