train 0.9587007 25 0 306 179
person 0.0058184625 487 21 500 178
person 0.0082453005 351 60 463 192
person 0.00960979 491 83 499 163
person 0.009954975 353 63 405 214
person 0.014311801 472 51 498 332
person 0.014814496 363 68 428 131
person 0.023677738 385 43 496 302
person 0.035372946 308 116 349 195
person 0.043150853 483 65 499 248
person 0.18697174 359 64 391 133
person 0.71494204 439 85 497 332
person 0.8003467 366 69 429 238
person 0.92027795 246 66 322 315
person 0.9438313 1 60 55 294
motorbike 0.018609723 308 116 349 195
bus 0.010746597 251 7 479 112
bus 0.12771198 320 0 500 183
bus 0.35354608 1 0 287 179
bottle 0.0058605406 438 255 469 332
bottle 0.012324895 446 270 464 324
