person 0.007894273 217 284 233 316
car 0.0082627805 488 247 499 310
car 0.010018257 167 225 347 248
car 0.01426325 63 191 117 208
car 0.02502623 477 238 500 302
car 0.044511743 406 266 450 297
car 0.28585386 370 249 463 294
bus 0.005215984 370 249 463 294
bus 0.008133785 110 223 169 257
boat 0.0052852826 104 153 420 232
boat 0.0068337335 3 187 44 213
boat 0.007951396 25 188 82 209
boat 0.010420372 63 191 117 208
boat 0.02511759 0 187 178 253
boat 0.029331923 82 220 178 255
boat 0.20154905 5 184 126 217
boat 0.30545887 136 74 440 234
aeroplane 0.005175915 6 275 88 317
aeroplane 0.0063565667 6 263 256 328
aeroplane 0.007497469 31 234 230 302
aeroplane 0.008328343 268 107 453 197
aeroplane 0.011434838 104 153 420 232
aeroplane 0.014445752 63 191 117 208
aeroplane 0.02264462 388 174 475 221
aeroplane 0.027878199 0 187 178 253
aeroplane 0.063861206 5 184 126 217
aeroplane 0.18273944 98 217 186 253
aeroplane 0.9424372 136 74 440 234
