person 0.006022533 121 139 155 247
person 0.0061946763 334 95 373 189
person 0.008459826 218 98 296 260
person 0.013054925 493 109 498 141
person 0.095030315 46 110 122 256
person 0.1953865 490 109 499 160
person 0.2806871 397 99 428 248
person 0.7361794 41 107 92 221
person 0.8765613 318 87 369 261
person 0.98208934 361 90 425 255
person 0.99971265 122 78 176 246
motorbike 0.02488759 44 105 95 249
motorbike 0.024919968 490 109 499 160
motorbike 0.06134602 207 121 278 276
motorbike 0.08802129 316 97 367 288
motorbike 0.21940236 357 113 424 267
motorbike 0.95228785 48 135 130 287
motorbike 0.9628287 222 110 346 331
car 0.007704296 2 107 24 118
car 0.04127275 490 109 499 160
