sofa 0.014752212 303 53 500 330
person 0.005751599 0 57 116 332
person 0.0069448375 260 52 379 149
person 0.0077326 35 24 70 48
person 0.010211632 2 123 24 266
person 0.025127959 1 103 47 286
person 0.77674973 28 38 155 208
person 0.9994287 303 14 497 309
diningtable 0.57703745 4 122 423 332
chair 0.010396929 25 83 162 221
chair 0.012207981 2 123 24 266
chair 0.0275096 1 103 47 286
chair 0.061061583 303 53 500 330
chair 0.23849532 253 96 377 146
bottle 0.006130737 43 25 60 60
bottle 0.006347064 2 21 11 67
bottle 0.008403257 56 24 65 47
bottle 0.008654916 23 22 30 50
bottle 0.008967854 104 25 112 51
bottle 0.013146427 7 32 16 52
bottle 0.014353686 95 17 102 41
bottle 0.014721767 70 21 77 46
bottle 0.023861848 68 12 80 44
bottle 0.029238056 35 24 70 48
bottle 0.031357583 102 25 115 64
bottle 0.035027612 2 24 8 53
bottle 0.04252261 29 24 37 49
bottle 0.050579842 89 15 95 42
bottle 0.05501022 87 12 99 45
bottle 0.08189084 76 11 86 44
bottle 0.11712362 41 25 49 48
bottle 0.21270214 46 25 57 47
bottle 0.30531353 95 18 106 54
