sofa 0.02003143 2 0 498 352
person 0.005442071 97 0 143 39
person 0.015436181 47 32 128 87
person 0.01742996 6 7 88 73
person 0.027311908 104 7 180 72
person 0.042131085 106 5 247 114
person 0.04838022 0 25 21 141
person 0.0892143 24 2 158 133
person 0.10386996 0 19 85 143
person 0.15481347 477 12 500 119
person 0.31955925 220 3 334 119
person 0.34119955 91 0 161 57
person 0.5897527 324 0 417 124
person 0.9512746 393 0 477 130
person 0.98263717 163 0 236 98
car 0.99923253 9 0 492 375
boat 0.022376733 2 0 498 352
