sofa 0.025180053 101 185 173 257
pottedplant 0.017919084 90 217 113 255
person 0.0050588823 92 194 116 258
person 0.006809599 91 195 103 214
person 0.0069115036 140 213 199 316
person 0.009636903 97 184 178 232
person 0.009640147 98 201 138 281
person 0.013144789 89 193 156 255
person 0.016416911 91 194 112 221
person 0.124006756 106 179 166 298
diningtable 0.005527566 134 206 191 318
diningtable 0.0068063815 220 277 250 394
diningtable 0.008664382 106 196 222 293
diningtable 0.0129372 185 258 254 333
diningtable 0.017791158 224 251 276 426
diningtable 0.02243451 197 259 232 371
diningtable 0.023753043 139 214 207 271
diningtable 0.59211385 200 249 260 390
chair 0.006105698 92 243 112 288
chair 0.007474648 139 198 176 283
chair 0.014803875 220 277 250 394
chair 0.016078401 203 257 262 412
chair 0.042007577 237 285 259 425
chair 0.046933502 93 215 116 305
chair 0.05341981 115 189 154 284
chair 0.055500302 90 217 113 255
chair 0.07082931 197 259 232 371
chair 0.12689945 100 218 139 304
chair 0.6230797 141 220 199 334
