sofa 0.006189551 82 172 312 329
sofa 0.015776956 148 144 421 295
sheep 0.0066694478 247 145 403 263
sheep 0.0119673535 116 166 292 306
pottedplant 0.015505564 348 30 408 50
person 0.00798524 224 0 254 59
person 0.008241502 211 0 239 58
person 0.009242524 347 51 466 142
person 0.012173266 97 24 124 134
person 0.012511104 126 18 161 145
person 0.020018296 398 52 438 145
person 0.025530409 116 166 292 306
person 0.027797688 5 83 24 130
person 0.03880359 30 160 262 348
person 0.04110753 0 4 22 122
person 0.076863825 108 14 134 117
person 0.12146191 416 77 496 283
person 0.5252786 219 4 252 123
person 0.63834506 283 34 356 134
person 0.7222925 210 13 240 141
person 0.7822166 358 60 401 144
person 0.8866865 398 9 459 149
person 0.9785968 129 0 185 165
person 0.9871351 184 11 219 142
person 0.9956692 6 4 132 366
motorbike 0.007988589 295 34 365 132
motorbike 0.008004954 346 85 409 144
horse 0.16712593 68 166 281 337
dog 0.559613 148 144 421 295
dog 0.90747803 68 165 285 316
dog 0.96084064 249 155 401 275
cow 0.04229727 108 182 292 315
cow 0.0473114 182 157 408 278
chair 0.09860754 284 50 355 140
car 0.023898197 123 0 178 162
bicycle 0.0057378574 284 50 355 140
