person 0.01651753 303 271 327 401
person 0.018668104 254 278 283 394
person 0.022409173 162 287 168 314
person 0.028724113 263 278 280 311
person 0.038618363 63 277 91 345
person 0.040535886 269 278 287 312
person 0.055640735 179 275 190 310
person 0.07977 316 281 344 358
person 0.110834956 166 275 176 310
person 0.1509918 185 272 197 312
person 0.2325023 277 251 320 425
person 0.23723571 161 276 171 314
person 0.26222238 72 277 88 332
person 0.3173616 108 279 134 352
person 0.31921986 144 281 158 339
person 0.45234916 317 278 335 332
person 0.84375316 99 284 118 336
person 0.988214 123 278 153 357
person 0.9933155 332 279 371 384
person 0.99900603 8 255 81 445
bus 0.0061576758 201 202 230 320
bus 0.023391867 189 162 328 412
bus 0.031169767 218 209 249 340
bus 0.36380416 204 197 261 357
