pottedplant 0.0050331876 0 175 13 229
pottedplant 0.009661828 0 200 28 236
pottedplant 0.014886889 17 132 49 246
pottedplant 0.09504628 0 146 18 243
pottedplant 0.34426373 0 196 15 241
person 0.005183186 106 132 117 152
person 0.0056984182 35 100 51 132
person 0.0076705287 1 131 8 155
person 0.008085897 37 105 48 123
person 0.008508984 90 117 125 198
person 0.009105226 0 126 10 179
person 0.012016543 39 111 48 134
person 0.014129245 100 125 120 158
person 0.016683517 29 105 52 171
person 0.020733558 24 105 45 142
person 0.065022506 36 108 50 157
person 0.08448842 0 123 19 233
person 0.11306191 24 106 71 281
person 0.53213304 154 140 247 332
person 0.91655225 18 110 50 240
person 0.97479254 87 106 130 277
person 0.9888987 36 104 101 288
car 0.0060826945 0 126 10 179
