sofa 0.008423692 93 74 253 422
sofa 0.20619807 21 22 346 480
person 0.006491174 87 142 229 275
person 0.0128913745 213 215 361 467
person 0.4044012 21 22 346 480
person 0.923364 0 57 148 451
person 0.99743366 68 69 245 427
dog 0.025938801 103 104 243 457
dog 0.9972314 203 240 343 467
diningtable 0.006036359 8 222 130 500
diningtable 0.02176008 18 79 196 485
chair 0.007131546 103 104 243 457
chair 0.019619446 0 292 82 461
chair 0.021092698 5 76 138 488
chair 0.025577819 84 46 271 321
chair 0.19523798 0 26 301 405
bottle 0.0051412275 50 172 79 237
bottle 0.013225766 173 169 211 207
