person 0.005780361 492 138 499 244
person 0.0070648245 36 81 141 168
person 0.00839141 338 61 359 97
person 0.009251626 446 101 499 365
person 0.01046923 475 103 500 375
person 0.0146141825 491 124 500 203
person 0.015777104 480 107 500 213
person 0.02256506 296 69 310 85
person 0.023164306 15 145 423 375
person 0.04767479 482 125 500 308
person 0.08405017 97 87 140 162
person 0.3444113 264 73 367 204
person 0.75563425 342 97 415 220
person 0.7711427 345 98 487 271
person 0.8931532 26 83 157 299
person 0.9400133 150 86 231 167
person 0.99219805 3 155 173 375
diningtable 0.9652586 49 144 476 375
chair 0.005860363 156 94 232 168
bottle 0.022095945 244 256 262 298
