pottedplant 0.005295942 201 90 265 132
pottedplant 0.005298921 253 106 269 136
pottedplant 0.013543915 256 112 265 129
diningtable 0.99649143 43 298 347 494
chair 0.005173938 200 97 269 150
chair 0.006454059 174 251 229 280
chair 0.010288834 44 254 126 300
chair 0.0108070485 230 323 313 498
chair 0.013667535 217 261 302 296
chair 0.023173915 157 250 207 283
chair 0.046681426 68 257 242 490
chair 0.050282955 22 257 107 455
chair 0.37677652 52 248 155 486
chair 0.82117563 284 298 375 493
chair 0.94903994 111 308 332 497
bottle 0.0055692657 297 285 305 314
bottle 0.0059771966 299 269 314 304
bottle 0.006230202 222 263 318 299
bottle 0.0085628545 312 270 321 293
bottle 0.014728571 308 267 323 300
bottle 0.5076764 295 276 307 310
