train 0.0067165876 263 9 464 94
person 0.009806041 446 40 470 75
person 0.010767578 441 53 467 175
person 0.012940875 457 57 474 106
person 0.015393151 464 55 488 92
person 0.01635814 330 70 376 130
person 0.016660508 492 26 500 86
person 0.016691297 145 69 212 124
person 0.021873863 395 49 464 108
person 0.023490788 475 54 497 92
person 0.027328482 493 50 499 79
person 0.041101336 104 78 186 203
person 0.0647268 490 47 500 100
person 0.093943484 282 67 322 132
person 0.14558929 455 41 474 89
person 0.22368594 145 40 178 117
person 0.58016247 266 71 324 172
person 0.7913305 445 40 473 117
person 0.85408497 318 71 379 172
person 0.92702323 150 69 206 197
person 0.99481374 396 49 460 186
motorbike 0.006485313 121 89 158 114
motorbike 0.0070287655 321 69 378 126
motorbike 0.65600145 103 96 213 206
motorbike 0.82588613 252 83 333 189
motorbike 0.9532622 300 82 379 188
motorbike 0.9831506 383 77 468 193
car 0.0057471483 130 51 199 109
car 0.0075933137 319 65 385 103
car 0.007628494 395 49 464 108
car 0.02955325 458 58 495 89
bus 0.025372116 16 11 171 101
bus 0.69756764 263 9 464 94
bicycle 0.018193223 121 89 158 114
