pottedplant 0.028333591 205 93 275 143
person 0.00511101 268 95 282 112
person 0.005539785 224 120 263 146
person 0.005607941 315 87 332 120
person 0.005783081 273 88 289 119
person 0.0061218455 335 88 350 120
person 0.0064692525 341 86 354 122
person 0.0070431815 248 85 263 102
person 0.0071275923 344 65 358 126
person 0.007940691 362 89 375 123
person 0.008115228 406 91 430 148
person 0.008135116 256 85 270 106
person 0.009957324 276 92 286 115
person 0.014328694 434 106 496 239
person 0.017212162 251 87 275 121
person 0.028214741 323 84 336 121
person 0.1039607 457 94 496 154
person 0.12545419 250 106 293 140
person 0.2907689 413 92 444 152
person 0.7453829 399 91 413 142
person 0.9627 426 116 467 224
car 0.008371064 406 95 462 145
car 0.013156255 0 72 21 100
car 0.018306114 229 97 290 139
car 0.028514244 32 73 75 94
car 0.99930614 0 138 414 305
