tvmonitor 0.9890369 273 183 349 241
pottedplant 0.005518278 23 170 62 196
pottedplant 0.0065132654 194 148 218 183
pottedplant 0.0068031345 0 170 46 198
pottedplant 0.0070206816 2 83 24 204
pottedplant 0.0071303644 1 167 60 273
pottedplant 0.0073087034 1 159 27 189
pottedplant 0.009270523 13 195 50 279
pottedplant 0.01102898 0 45 59 201
pottedplant 0.011800007 182 160 195 179
pottedplant 0.01541965 56 140 188 264
pottedplant 0.03154735 5 49 118 149
pottedplant 0.03832055 1 133 56 194
pottedplant 0.065419726 31 168 106 269
pottedplant 0.07198728 194 140 239 174
pottedplant 0.1151689 2 154 43 183
pottedplant 0.24378406 144 125 180 190
pottedplant 0.97092414 12 63 171 281
