sheep 0.012490939 293 172 387 245
person 0.005232264 60 207 103 235
person 0.0056049116 111 134 184 191
person 0.006274855 120 183 139 219
person 0.007935311 317 150 388 204
person 0.012618828 255 170 277 214
person 0.012751072 146 179 191 208
person 0.014503538 38 148 253 240
person 0.01949411 245 148 316 204
person 0.022151701 210 170 243 200
person 0.027988857 129 183 149 216
person 0.03351932 73 174 138 232
person 0.039265797 218 177 239 204
person 0.041811567 139 179 163 210
person 0.06959297 52 180 122 244
person 0.14947638 121 150 202 207
person 0.54931843 253 172 292 247
person 0.74806094 395 165 446 240
person 0.77723485 96 176 129 247
horse 0.0077030305 253 172 292 247
horse 0.012880566 255 168 332 233
horse 0.2153676 388 166 451 237
horse 0.56717366 293 172 387 245
dog 0.011737851 388 166 451 237
dog 0.1537601 293 172 387 245
cow 0.067549296 293 172 387 245
chair 0.03584918 390 175 448 245
boat 0.007092153 252 150 299 173
boat 0.020935224 248 163 310 234
boat 0.022069527 210 170 243 200
boat 0.02313129 184 146 314 233
boat 0.027874468 281 140 394 183
boat 0.037420195 285 171 390 248
boat 0.056663327 245 148 316 204
boat 0.13835338 263 144 323 168
boat 0.2059887 244 138 321 178
boat 0.98264354 59 148 282 246
