person 0.005226731 18 301 58 369
person 0.0055959835 5 293 47 452
person 0.0067499387 0 278 26 397
person 0.007831957 48 246 66 299
person 0.008679751 17 349 42 441
person 0.011500074 75 246 98 285
person 0.015794745 41 293 124 373
person 0.019034281 100 248 132 306
person 0.025086628 7 245 39 304
person 0.037837695 0 245 16 283
person 0.04314814 30 248 49 299
person 0.06119152 11 244 29 287
person 0.15053955 8 284 39 391
person 0.44578347 38 285 130 461
person 0.7653501 144 280 374 500
person 0.9999137 136 119 325 464
horse 0.056229487 155 258 364 497
bottle 0.007606712 30 364 41 433
bottle 0.06806635 17 349 42 441
