sofa 0.016169284 2 79 63 198
sofa 0.85077566 186 159 500 375
pottedplant 0.0050590127 279 65 363 137
pottedplant 0.0053714216 141 38 182 121
pottedplant 0.005595842 138 42 176 77
pottedplant 0.0064209653 2 5 62 155
pottedplant 0.0065609785 3 58 89 180
pottedplant 0.0070043476 73 86 109 154
pottedplant 0.007158833 290 93 411 194
pottedplant 0.007495061 14 0 88 105
pottedplant 0.011448023 72 29 134 147
pottedplant 0.012169571 147 35 212 136
pottedplant 0.014683651 146 45 168 87
pottedplant 0.032301076 52 99 87 131
pottedplant 0.034460127 127 35 200 97
pottedplant 0.061475765 312 107 396 171
pottedplant 0.27359134 101 34 183 160
pottedplant 0.4638981 83 80 126 164
pottedplant 0.5381634 23 18 104 141
pottedplant 0.8353725 273 52 393 167
person 0.016281655 1 28 19 135
chair 0.005376448 2 161 187 375
chair 0.012766789 317 126 398 182
chair 0.015913017 290 93 411 194
chair 0.018396173 316 113 398 236
chair 0.26488507 182 195 500 375
