tvmonitor 0.005616172 1 42 15 223
tvmonitor 0.006968537 0 218 90 275
tvmonitor 0.088505544 157 109 181 140
tvmonitor 0.99254495 213 141 337 244
pottedplant 0.0072492138 31 125 74 161
pottedplant 0.0076281894 32 77 65 157
pottedplant 0.0076420205 31 145 65 226
pottedplant 0.007941655 43 110 77 188
pottedplant 0.009957767 10 76 105 204
pottedplant 0.27098483 31 101 67 196
person 0.011098394 1 152 18 271
person 0.012681199 61 163 103 224
person 0.013606592 0 179 8 264
chair 0.01862945 0 175 20 273
chair 0.035417054 2 170 107 280
chair 0.052818686 0 218 90 275
