person 0.0062410478 97 182 160 248
person 0.007856448 0 143 10 204
person 0.009329737 479 232 498 355
person 0.0113813635 74 127 140 315
person 0.015310222 388 293 494 375
person 0.048381217 444 234 499 375
person 0.770574 99 146 159 330
person 0.9456662 0 145 31 359
person 0.9860365 112 141 226 366
person 0.9991938 50 136 112 335
person 0.9993987 197 97 328 375
chair 0.0063749175 0 182 46 355
chair 0.014431865 50 151 115 341
chair 0.067165874 388 293 494 375
chair 0.120632775 400 314 473 373
car 0.006645174 441 18 499 144
bottle 0.008843317 37 198 50 261
bottle 0.009348358 38 197 45 226
bottle 0.021057796 46 203 57 259
bottle 0.040534884 35 191 47 233
bottle 0.044570938 99 199 107 225
