person 0.008096588 53 23 70 81
person 0.009537437 2 29 9 113
person 0.016220732 41 21 66 97
person 0.03743104 378 12 395 49
person 0.05463987 474 0 499 91
person 0.071987934 56 17 82 108
person 0.08472704 111 43 136 106
person 0.4741973 177 18 198 44
person 0.64969283 315 10 343 67
person 0.95180815 404 11 439 109
person 0.9885595 63 15 96 131
person 0.99194366 456 0 495 111
car 0.007336956 405 21 438 113
car 0.01277519 440 16 500 95
car 0.015710456 384 24 449 96
car 0.20761158 336 17 482 104
car 0.99999917 95 29 432 329
