sofa 0.019937934 12 38 316 124
sofa 0.6796712 0 58 264 154
sofa 0.98631996 295 43 497 158
pottedplant 0.005425155 248 3 261 16
pottedplant 0.0057480237 227 7 263 26
pottedplant 0.0059406715 4 9 50 83
pottedplant 0.006262934 307 0 314 17
pottedplant 0.0071424753 82 2 161 46
pottedplant 0.008146207 299 0 307 17
pottedplant 0.016251003 197 6 235 27
pottedplant 0.026213469 209 9 221 25
pottedplant 0.11090045 8 8 45 44
pottedplant 0.14317347 98 0 139 32
person 0.0060172905 248 3 261 16
person 0.007055244 188 4 226 26
person 0.008380091 248 8 261 22
person 0.010379161 209 9 221 25
person 0.0132297585 235 5 273 27
person 0.014414306 195 29 237 64
person 0.014650583 307 0 314 17
person 0.015788104 221 15 292 122
person 0.019903425 206 18 277 82
person 0.026047379 299 0 307 17
person 0.02715645 159 26 341 125
person 0.52941626 277 33 482 148
person 0.6648131 3 37 249 134
dog 0.00814323 0 63 223 155
diningtable 0.018764589 204 121 315 158
chair 0.005103012 159 26 341 125
chair 0.012054166 0 19 330 158
chair 0.18722263 0 63 223 155
cat 0.007241873 3 37 249 134
bottle 0.005802508 248 8 261 22
bottle 0.008217227 188 4 226 26
bottle 0.009013852 253 108 261 131
bottle 0.009663999 218 12 233 24
bottle 0.010021385 228 12 244 22
bottle 0.011101193 202 10 215 24
bottle 0.014551798 237 10 252 22
bottle 0.014924197 272 115 292 150
bottle 0.017880695 270 115 282 134
bottle 0.07273898 307 0 314 17
bottle 0.08063578 209 9 221 25
bottle 0.10245641 299 0 307 17
