person 0.0064044287 270 177 296 246
person 0.0065113483 343 159 377 222
person 0.013527935 283 110 314 201
person 0.031573884 367 152 384 193
person 0.06403271 354 151 388 208
person 0.98484814 78 115 124 195
person 0.99634874 211 68 255 210
horse 0.012520323 297 141 375 247
horse 0.013413953 354 151 388 208
horse 0.025179494 72 120 131 193
horse 0.031332146 343 159 377 222
horse 0.04006351 367 181 412 213
horse 0.5669676 344 166 409 217
horse 0.7823435 79 146 125 233
horse 0.99949646 142 117 352 268
cow 0.06888374 367 181 412 213
