sofa 0.13991973 0 36 346 389
person 0.008823725 11 61 289 281
person 0.99670374 0 89 373 479
motorbike 0.008810597 25 365 348 496
motorbike 0.016596911 28 151 375 486
diningtable 0.006483968 0 36 346 389
diningtable 0.00801862 28 151 375 486
chair 0.0060040955 256 250 359 352
chair 0.006683765 28 151 375 486
chair 0.35357895 0 36 346 389
car 0.021902585 0 141 369 493
bottle 0.0051217023 285 324 327 360
bottle 0.0055418448 290 262 364 337
bottle 0.082865216 250 277 360 363
bottle 0.40112972 273 305 346 360
