person 0.009714762 180 78 194 88
person 0.0106081385 307 80 322 94
person 0.010774795 64 74 78 95
person 0.010986764 343 82 358 106
person 0.013217616 338 84 360 117
person 0.015845854 355 80 366 95
person 0.01736096 30 70 60 119
person 0.022413602 355 85 368 102
person 0.030302033 148 75 167 93
person 0.03721748 143 77 157 96
person 0.039621297 207 84 221 98
person 0.03962251 323 83 341 108
person 0.043479033 303 79 322 105
person 0.046706513 294 86 311 100
person 0.048071336 310 80 332 106
person 0.11679645 141 71 174 95
person 0.23758279 53 66 74 97
person 0.41892195 53 62 89 92
person 0.6135472 332 81 352 110
person 0.6772397 33 68 52 101
motorbike 0.0067954003 0 123 54 333
car 0.009048163 284 87 303 97
car 0.010491409 478 97 490 114
car 0.012730347 249 77 300 94
car 0.015813103 294 86 311 100
car 0.021691425 143 82 222 120
car 0.032470405 162 83 215 108
car 0.03762468 0 81 154 250
car 0.039436106 282 84 323 102
car 0.04420098 0 86 29 152
car 0.051986113 53 62 89 92
car 0.052321054 58 92 194 142
car 0.06296334 464 92 485 119
car 0.07359399 244 81 317 116
car 0.10957967 0 123 54 333
car 0.13304576 257 85 308 101
car 0.21384108 420 85 479 138
car 0.50787985 446 89 484 123
car 0.7575204 328 86 454 169
car 0.9888307 3 92 195 181
car 0.9981477 43 94 353 299
