person 0.0057918094 149 195 170 231
person 0.006641162 170 185 189 224
person 0.009649668 196 196 212 247
person 0.009851775 210 194 244 275
person 0.019439327 369 220 411 292
person 0.040794723 452 233 499 310
person 0.16426045 148 185 179 257
person 0.27025363 166 187 193 252
person 0.40571824 259 185 288 284
person 0.63019955 223 181 258 288
person 0.6406942 244 179 278 289
person 0.7020167 314 181 352 289
person 0.95548445 114 167 166 302
person 0.9629312 300 177 338 296
person 0.9957016 458 181 497 297
person 0.9978694 365 182 399 288
motorbike 0.008748068 177 204 216 266
motorbike 0.010483545 365 208 399 292
motorbike 0.03237725 147 219 187 284
motorbike 0.035398968 358 227 429 292
motorbike 0.07018667 256 213 291 289
motorbike 0.2137928 160 203 194 267
motorbike 0.3593509 211 206 277 305
motorbike 0.92722756 292 202 353 299
car 0.006188572 412 199 445 225
bicycle 0.005429438 449 193 495 305
bicycle 0.0055522034 240 211 283 300
bicycle 0.0075982106 175 213 215 251
bicycle 0.0078539485 110 249 145 321
bicycle 0.015949165 382 230 484 287
bicycle 0.032910414 160 203 194 267
bicycle 0.04958216 310 228 353 303
bicycle 0.14425863 208 221 279 311
bicycle 0.18195273 365 208 399 292
bicycle 0.6016326 110 215 177 326
bicycle 0.6097605 358 227 429 292
bicycle 0.6951923 147 219 187 284
bicycle 0.821134 432 237 500 309
