person 0.0054432754 107 78 134 111
person 0.006140548 373 78 409 133
person 0.006794529 360 87 394 149
person 0.0071527944 90 67 156 172
person 0.012472231 233 79 316 237
person 0.013509276 119 81 158 114
person 0.11758367 106 70 144 133
person 0.2982147 36 60 144 168
person 0.50733346 253 91 380 256
person 0.9996656 67 82 295 290
diningtable 0.008827862 32 262 318 359
diningtable 0.01400039 376 141 488 227
diningtable 0.7202333 4 236 493 369
chair 0.010978819 8 180 187 351
chair 0.060665235 2 180 111 297
bottle 0.011283332 361 190 380 232
bottle 0.012118672 442 161 450 186
bottle 0.018965308 353 178 385 250
bottle 0.04408673 440 161 452 198
