person 0.0061634537 281 18 445 101
person 0.00645524 349 21 432 135
person 0.0066797803 1 24 25 97
person 0.0069836755 345 102 436 285
person 0.010676552 48 32 87 97
person 0.017145889 313 29 500 222
person 0.025040329 324 67 429 127
person 0.032604843 333 29 415 82
person 0.034998488 110 23 141 105
person 0.050361816 66 23 107 101
person 0.1344194 136 19 160 54
person 0.1486965 366 24 500 106
person 0.33812556 317 80 488 166
person 0.41266552 86 21 128 106
person 0.8040832 321 99 500 308
person 0.80824393 125 23 160 104
person 0.84310573 323 42 490 132
person 0.996834 126 36 292 237
motorbike 0.007028096 36 16 158 99
motorbike 0.0074174786 289 67 387 126
motorbike 0.009926737 48 32 87 97
motorbike 0.010070647 410 140 500 324
motorbike 0.011251164 360 36 500 126
motorbike 0.013028698 317 80 488 166
motorbike 0.013183247 296 42 444 128
motorbike 0.013442268 108 37 140 108
motorbike 0.02003038 320 106 493 224
motorbike 0.033393655 1 46 28 107
motorbike 0.23334232 29 45 98 106
motorbike 0.27850777 122 36 160 108
motorbike 0.36534312 67 42 139 106
motorbike 0.4691591 77 68 291 249
motorbike 0.5993715 307 141 500 323
motorbike 0.8611073 5 49 62 104
motorbike 0.9470098 33 91 471 321
car 0.0065175197 490 24 499 46
car 0.007551751 10 35 80 97
car 0.009393403 174 10 409 89
car 0.011296516 254 42 419 119
car 0.015826976 114 31 174 93
car 0.024067154 328 18 418 68
car 0.025210537 404 30 500 96
car 0.17414358 281 18 445 101
car 0.17851381 66 28 139 96
car 0.82532024 285 17 386 72
