person 0.008203182 248 232 269 276
person 0.00869245 268 232 285 296
person 0.010753335 351 219 363 291
person 0.012109898 360 225 372 320
person 0.013937878 262 233 280 277
person 0.01952452 208 224 232 284
person 0.020357143 276 225 300 304
person 0.42233178 339 211 363 313
person 0.77976817 266 222 292 343
person 0.94671255 353 213 375 312
person 0.9883849 323 213 353 317
car 0.005706605 282 215 344 259
car 0.00611859 279 221 296 252
car 0.00657336 262 233 280 277
car 0.006829362 307 221 325 232
car 0.0071918084 242 222 258 254
car 0.010563798 246 225 268 266
car 0.010950191 267 220 288 252
car 0.015733412 269 221 308 249
car 0.040095747 8 28 216 461
car 0.06710924 228 224 249 253
car 0.16881157 208 218 237 271
car 0.8058851 213 222 245 255
car 0.9832785 292 221 324 248
bus 0.0063085686 214 194 244 256
bus 0.992903 9 0 267 432
