person 0.026798565 159 330 196 422
person 0.027952712 222 321 245 360
person 0.029280987 154 307 174 335
person 0.04171439 122 336 159 415
person 0.042433333 0 300 17 343
person 0.056978177 25 317 61 396
person 0.05961916 174 321 228 434
person 0.059652064 192 329 213 368
person 0.07475868 194 336 235 420
person 0.09214779 49 322 79 429
person 0.1366204 179 310 213 367
person 0.1793599 11 319 65 435
person 0.56010395 196 310 235 362
person 0.66143805 164 314 198 367
person 0.7628746 220 338 317 495
person 0.8278839 2 341 46 439
person 0.9246306 187 347 244 474
person 0.9406677 130 338 187 440
person 0.94590044 292 321 375 497
person 0.99131835 56 323 114 430
