person 0.006373696 358 0 385 43
person 0.007359725 268 0 317 34
person 0.0074204626 491 8 500 88
person 0.015605321 267 0 300 24
person 0.021178184 465 3 493 88
person 0.028545314 322 0 353 55
person 0.031717885 344 0 377 61
person 0.06544972 292 0 331 37
person 0.5099188 473 7 499 116
person 0.710831 351 0 389 88
person 0.7311979 382 6 439 110
person 0.7561783 428 1 464 119
person 0.8354186 0 0 32 104
person 0.9455017 29 1 74 94
car 0.019125544 101 6 223 42
car 0.04628657 19 3 81 86
car 0.22030187 77 3 171 46
car 0.99999547 0 14 500 375
