pottedplant 0.005255077 201 187 252 211
pottedplant 0.005961594 184 179 261 221
pottedplant 0.007991046 330 180 346 216
pottedplant 0.011129954 197 195 284 231
pottedplant 0.015682219 353 166 364 216
pottedplant 0.063650526 324 176 343 209
person 0.9744841 425 161 456 253
car 0.005561121 304 200 323 218
car 0.005655304 253 199 343 230
car 0.005785025 0 198 7 262
car 0.014283909 311 210 331 226
car 0.032479398 313 200 329 218
car 0.073858805 294 198 330 225
car 0.10462695 229 201 280 222
car 0.23759547 283 204 323 232
car 0.2640201 302 206 341 232
boat 0.006193512 197 195 284 231
