person 0.005651186 401 142 416 163
person 0.0068363114 389 141 408 159
person 0.0079084085 201 135 276 207
person 0.008010934 247 111 301 246
person 0.008473874 193 133 307 276
person 0.011294715 363 130 377 177
person 0.013555976 53 92 120 136
person 0.014556462 189 106 204 138
person 0.014963276 56 96 90 132
person 0.015537374 167 108 324 200
person 0.018712517 218 120 257 200
person 0.022511395 262 124 293 224
person 0.07942878 72 94 94 135
person 0.10084148 205 122 243 196
person 0.2071396 242 116 279 202
person 0.25156844 268 132 296 299
person 0.3269011 345 124 369 193
person 0.9073344 234 117 289 313
car 0.008061924 80 125 144 142
car 0.0081634605 56 96 90 132
car 0.011141636 53 92 120 136
car 0.011275909 76 118 265 204
car 0.014670336 401 142 416 163
car 0.016595736 391 141 423 164
car 0.018209634 410 144 426 161
car 0.019767044 17 115 161 221
car 0.06125662 389 141 408 159
car 0.26127937 0 115 139 315
car 0.9646792 0 129 289 333
car 0.9720037 413 131 500 194
bus 0.014153429 144 60 358 263
bus 0.025106616 167 108 324 200
bus 0.025720317 421 130 500 191
bus 0.8788779 180 84 386 179
boat 0.013825472 124 63 381 207
boat 0.12029101 27 111 298 325
