sheep 0.005437642 39 70 352 500
pottedplant 0.018780725 156 149 195 214
person 0.005721629 237 0 308 56
person 0.018555293 49 0 375 500
person 0.12694381 18 85 102 157
person 0.2934344 233 9 313 128
dog 0.14073241 39 70 352 500
diningtable 0.031333365 39 70 352 500
chair 0.008011509 219 36 300 101
chair 0.01419804 49 0 375 500
chair 0.577781 236 25 314 146
cat 0.018213876 156 149 195 214
cat 0.201769 39 70 352 500
car 0.017794833 28 75 171 174
car 0.057410598 49 0 375 500
bottle 0.7954375 299 252 338 332
bird 0.008322154 39 70 352 500
bicycle 0.005406587 49 0 375 500
