train 0.0313909 58 42 374 481
person 0.0088768015 316 141 372 500
person 0.033061147 267 175 306 260
person 0.03461499 237 184 308 293
person 0.0655273 253 155 372 497
person 0.47345495 298 167 375 348
person 0.64057446 253 161 298 242
person 0.6950168 229 184 287 252
person 0.9998175 62 106 335 494
bottle 0.006626553 1 337 34 409
bottle 0.010778725 10 343 29 398
bottle 0.0127824815 73 258 80 275
bottle 0.019158801 44 260 52 287
bottle 0.030554235 36 256 48 296
bottle 0.043942414 85 256 92 275
bottle 0.0510193 54 259 60 289
bottle 0.054193746 65 258 73 276
bottle 0.05912605 92 254 100 275
bottle 0.20322342 51 260 63 294
bottle 0.23481601 41 258 55 295
bottle 0.294877 88 253 100 292
bottle 0.6332292 70 258 83 293
bottle 0.7677024 81 256 93 292
bottle 0.77930856 63 257 74 294
