aeroplane 0.006524649 224 153 326 197
aeroplane 0.007724652 264 193 373 234
aeroplane 0.010433957 258 123 454 190
aeroplane 0.016151724 163 77 279 128
aeroplane 0.018705541 142 165 340 231
aeroplane 0.020113297 64 136 214 211
aeroplane 0.024776986 321 112 427 165
aeroplane 0.026058093 173 127 398 198
aeroplane 0.034871206 211 179 437 246
aeroplane 0.04961313 179 156 300 203
aeroplane 0.08205075 377 130 493 213
aeroplane 0.08382319 97 143 313 211
aeroplane 0.21259002 259 193 464 275
aeroplane 0.25624454 313 171 484 254
aeroplane 0.6240746 133 220 360 290
aeroplane 0.7235998 228 106 423 170
aeroplane 0.9599338 45 73 289 136
