person 0.005228559 121 187 137 223
person 0.0053450046 471 195 484 248
person 0.0056285826 489 183 500 224
person 0.027026033 110 189 139 250
person 0.03281725 123 193 136 252
person 0.08827353 71 198 111 264
car 0.0051192585 448 187 484 214
car 0.0057377415 77 204 123 243
car 0.0063127815 478 179 498 213
car 0.006611678 493 195 499 225
car 0.010605244 0 204 9 261
car 0.022757022 491 182 499 208
car 0.110670485 489 183 500 224
car 0.12664554 454 179 499 211
car 0.7732943 430 182 463 213
car 0.90456754 53 197 120 253
car 0.9638302 3 202 56 251
bus 0.0051575345 0 154 66 206
bus 0.009374324 442 102 500 215
bus 0.0114109265 1 109 58 252
bus 0.9999956 116 40 439 267
