sheep 0.0054313904 284 117 300 132
sheep 0.005473952 352 129 366 137
sheep 0.008268886 442 198 453 209
sheep 0.010801374 300 103 318 128
sheep 0.04244725 291 132 316 173
sheep 0.07926113 373 113 413 159
sheep 0.7597159 294 127 347 178
sheep 0.81453806 180 136 220 185
sheep 0.8429717 283 104 316 131
sheep 0.8943823 238 171 275 239
person 0.8568808 362 178 399 267
horse 0.0134707 239 172 272 245
horse 0.016887706 294 127 347 178
horse 0.19398895 375 113 416 156
dog 0.0099246 373 113 413 159
dog 0.010085454 238 171 275 239
cow 0.02103424 294 127 347 178
cow 0.06273088 176 137 223 184
cow 0.2986719 283 104 316 131
cow 0.48996302 239 172 272 245
cow 0.57935005 375 113 416 156
