sheep 0.0051673437 177 111 228 175
sheep 0.008224938 466 93 482 113
sheep 0.009735548 204 108 248 135
sheep 0.0148845855 477 85 494 108
sheep 0.015177517 173 113 218 138
sheep 0.016926864 159 103 251 138
sheep 0.0251684 462 94 473 112
sheep 0.039075654 461 88 477 108
sheep 0.07759118 178 110 201 142
sheep 0.40337822 461 86 493 111
sheep 0.59718984 147 90 165 109
sheep 0.71528965 215 96 258 130
sheep 0.85050374 429 88 450 108
sheep 0.9390991 241 105 351 205
sheep 0.9983992 182 120 253 190
cow 0.007127243 215 96 258 130
cow 0.0073368712 147 90 165 109
