pottedplant 0.017268006 252 10 274 43
person 0.019981265 8 91 93 230
person 0.022580847 0 63 24 329
person 0.027971696 381 96 481 205
person 0.03141656 21 85 66 158
person 0.036700044 90 125 334 375
person 0.03963021 376 68 419 135
person 0.043215446 434 95 496 177
person 0.045728996 0 113 12 321
person 0.091196775 404 116 448 198
person 0.19474651 0 94 17 222
person 0.27480468 128 72 165 107
person 0.54583436 184 141 442 371
person 0.78163147 5 92 111 368
person 0.78269535 386 104 495 364
person 0.8510235 365 72 432 178
person 0.88392955 381 115 445 233
person 0.96451443 252 67 316 163
person 0.9712477 162 53 234 156
person 0.97558284 51 101 223 375
person 0.99382865 325 57 382 178
horse 0.0057478584 165 134 431 345
diningtable 0.009479503 1 121 346 375
diningtable 0.954197 166 139 432 373
chair 0.007979122 0 125 27 375
chair 0.014507136 0 213 52 373
chair 0.014993558 1 186 18 363
chair 0.0915965 0 130 122 375
chair 0.18396164 254 72 315 156
chair 0.19409697 0 245 180 375
chair 0.70644 380 241 500 367
