person 0.0060416744 452 178 463 220
motorbike 0.008504917 0 210 26 250
car 0.007792274 61 181 98 195
car 0.008483949 364 175 379 203
car 0.00889727 18 184 29 195
car 0.009155702 374 178 386 198
car 0.010700602 8 184 22 195
car 0.011431055 0 199 14 259
car 0.011867905 326 166 338 217
car 0.012719484 34 185 49 195
car 0.017313743 28 185 40 195
car 0.01799265 388 179 402 197
car 0.020538174 58 185 70 194
car 0.020697767 85 183 94 196
car 0.03781329 75 184 90 194
car 0.038045637 64 185 78 194
car 0.30363527 0 210 26 250
car 0.91568905 336 178 371 206
car 0.93948555 376 175 402 197
bus 0.008092363 23 168 63 195
bus 0.013528045 0 158 68 197
bus 0.02102161 338 175 376 207
bus 0.032623913 379 173 404 196
bus 0.99999344 91 41 330 263
