pottedplant 0.005331825 222 163 261 231
pottedplant 0.005373897 45 213 160 345
pottedplant 0.0061384817 0 194 43 273
pottedplant 0.0061425734 3 104 20 252
pottedplant 0.0074324175 0 137 48 296
pottedplant 0.0076827896 393 225 429 255
pottedplant 0.01595388 82 179 160 249
pottedplant 0.03475466 2 171 26 261
pottedplant 0.14259325 61 166 158 304
person 0.014271523 445 44 499 375
person 0.026592545 386 84 500 375
diningtable 0.33801144 200 240 303 335
chair 0.009198147 2 209 25 339
chair 0.011297785 262 220 304 242
chair 0.018636787 0 199 48 345
chair 0.030052867 239 247 283 330
chair 0.056042038 278 221 307 296
chair 0.06133172 372 241 498 375
chair 0.09614363 200 240 303 335
chair 0.22707921 265 229 302 315
chair 0.96068126 202 242 245 330
chair 0.9953469 35 243 169 369
