pottedplant 0.005275343 123 133 156 160
pottedplant 0.009270858 142 143 153 159
pottedplant 0.03694209 96 136 109 166
pottedplant 0.039408706 126 132 138 162
pottedplant 0.098287605 60 140 77 171
person 0.09065524 126 132 138 162
diningtable 0.42696902 225 181 409 373
diningtable 0.9224331 29 200 397 375
chair 0.0051833917 407 187 453 326
chair 0.0059205075 212 100 236 215
chair 0.006575157 296 206 370 375
chair 0.024383737 208 146 275 356
chair 0.030591406 82 183 155 241
chair 0.05694884 83 183 164 362
chair 0.55855083 350 182 452 369
chair 0.86201 50 198 291 375
chair 0.87912923 208 195 380 375
bottle 0.010872463 96 136 109 166
bottle 0.017270915 126 132 138 162
