person 0.0060606753 121 181 206 366
person 0.00642445 81 202 257 337
person 0.009440731 469 178 483 225
person 0.011386526 479 180 496 226
person 0.012696585 270 128 331 312
person 0.014830131 489 173 499 233
person 0.064466245 144 167 216 312
person 0.19116883 264 185 446 364
person 0.59929574 276 149 363 361
person 0.9834223 35 161 219 361
bottle 0.0058227866 93 359 108 375
bottle 0.007434392 342 311 360 346
bicycle 0.00567211 208 240 369 362
bicycle 0.0068638497 271 190 364 377
bicycle 0.0074530067 46 184 210 335
bicycle 0.25996578 151 236 288 361
bicycle 0.9794278 10 225 256 377
bicycle 0.99934006 244 233 471 371
