pottedplant 0.006965759 0 202 16 313
pottedplant 0.011152472 1 254 10 320
person 0.0052682846 0 244 15 336
person 0.005369211 1 254 10 320
person 0.0076837325 237 251 267 324
person 0.008127833 18 263 50 351
person 0.009102269 140 241 173 302
person 0.009583964 15 186 48 250
person 0.030109636 300 240 339 313
person 0.99654585 189 178 227 326
person 0.9983597 14 198 56 345
person 0.99881834 105 178 144 360
person 0.9990297 231 180 272 321
car 0.0062529426 49 271 61 289
car 0.0068441797 1 254 10 320
car 0.025385505 0 244 13 294
