person 0.0069382847 180 62 259 130
person 0.007189342 201 55 241 141
person 0.032323398 216 152 297 315
person 0.08100487 154 37 282 132
person 0.7232542 137 39 280 302
person 0.99968594 244 59 479 323
horse 0.014439335 175 165 299 322
horse 0.015847214 121 73 469 328
horse 0.997846 136 75 281 333
car 0.0052335192 0 49 7 119
car 0.005600876 294 47 336 113
car 0.0075772433 234 48 373 83
car 0.007602462 0 43 8 67
car 0.017335542 338 57 361 91
car 0.04422167 316 54 364 91
car 0.10206557 165 53 206 82
car 0.17183447 22 47 65 82
car 0.45911306 154 37 282 132
car 0.6992608 222 56 294 99
car 0.83105534 68 50 131 99
car 0.88469326 277 52 366 99
car 0.9913075 3 49 55 106
bus 0.0065285 150 25 283 108
