person 0.005053881 80 16 468 298
person 0.005158819 0 0 11 50
person 0.0054965783 0 0 23 92
person 0.009132369 37 0 87 22
person 0.010619928 2 0 23 32
person 0.016692754 298 0 338 81
person 0.017837347 24 0 106 46
person 0.07652691 7 6 263 158
person 0.3870896 85 4 253 85
person 0.64360225 434 0 500 375
motorbike 0.00865671 53 14 356 108
motorbike 0.009067687 0 7 122 132
motorbike 0.019231848 24 0 106 46
motorbike 0.08663868 50 3 229 85
motorbike 0.62077636 7 6 263 158
motorbike 0.999995 24 31 457 347
car 0.012488733 50 3 229 85
