person 0.007324777 152 27 167 68
person 0.024902014 167 22 188 61
person 0.033143036 293 7 316 55
person 0.039889388 120 17 139 65
person 0.051142544 160 22 177 62
person 0.0577339 129 26 146 71
person 0.19671254 330 8 347 53
person 0.21770257 106 20 142 76
person 0.39801335 244 16 272 58
motorbike 0.034626514 101 40 140 75
car 0.005417601 381 13 397 25
car 0.007635298 233 16 286 59
car 0.007914352 266 11 334 54
car 0.008887603 125 26 196 69
car 0.009138054 3 22 43 53
car 0.01012303 2 4 45 40
car 0.011843048 479 0 495 7
car 0.013850677 161 32 193 64
car 0.039506927 21 14 64 43
car 0.073917225 96 25 153 74
car 0.07854315 1 3 64 60
car 0.9670801 404 9 500 75
car 0.9999957 59 63 464 231
bicycle 0.050225712 101 40 140 75
