person 0.011735204 305 112 485 360
person 0.06962482 210 133 275 205
person 0.083781585 171 175 348 284
person 0.091529824 3 131 209 337
person 0.17365393 193 136 283 269
person 0.9625788 68 135 219 268
person 0.97965795 287 114 427 267
diningtable 0.008033036 129 227 389 295
diningtable 0.035266608 192 190 354 290
chair 0.008556913 192 190 354 290
chair 0.018984739 281 170 445 277
chair 0.33103043 54 162 219 276
bottle 0.0074702785 161 250 199 312
bottle 0.01350467 108 216 145 277
bottle 0.028626788 146 255 185 314
