sofa 0.0052100383 141 8 231 73
sofa 0.03294781 149 23 340 108
sofa 0.34236804 102 3 255 91
sofa 0.9565128 37 34 476 353
pottedplant 0.0053208414 468 19 484 37
pottedplant 0.006094685 492 19 499 41
pottedplant 0.0064813043 491 24 498 52
pottedplant 0.007901077 489 15 498 59
pottedplant 0.018632125 459 5 495 73
pottedplant 0.021433797 474 19 497 53
pottedplant 0.21410178 463 13 494 46
person 0.013081473 97 23 258 102
person 0.046703376 151 8 250 75
person 0.9871228 79 13 493 307
dog 0.0066629215 151 8 250 75
chair 0.0076682637 141 8 231 73
chair 0.007941369 143 52 228 107
chair 0.10348179 127 20 283 101
chair 0.22136098 0 146 274 375
chair 0.4838615 0 67 454 369
