person 0.016063903 1 149 19 193
person 0.016593333 122 148 151 236
person 0.98992854 430 135 469 242
person 0.9918749 104 136 139 243
person 0.99595535 283 142 326 238
chair 0.010187981 476 157 495 204
car 0.005254496 91 147 155 220
car 0.006236872 311 145 355 166
car 0.0075502824 418 143 482 219
car 0.011804655 0 150 66 203
car 0.018276816 1 149 19 193
car 0.025099471 275 146 330 222
car 0.04081061 474 154 495 195
car 0.6766074 16 146 122 236
car 0.939764 186 147 295 238
car 0.9785961 317 149 436 236
