tvmonitor 0.006684535 205 216 455 375
sofa 0.00627028 108 74 286 358
sofa 0.023304733 372 120 500 375
pottedplant 0.0070724343 1 119 20 239
pottedplant 0.040914237 2 88 82 230
person 0.0177396 349 118 484 251
person 0.05634247 350 0 500 229
person 0.5323102 372 120 500 375
person 0.99543166 99 70 261 363
dog 0.051260844 368 119 497 207
dog 0.80493194 366 112 500 352
chair 0.010891088 5 212 119 337
chair 0.041561797 93 125 261 375
chair 0.09468113 372 120 500 375
bottle 0.27661818 321 90 338 124
