person 0.010215982 86 126 122 201
person 0.012936213 391 145 407 188
person 0.013712628 230 123 296 238
person 0.0153776305 223 137 252 216
person 0.017450176 229 149 245 200
person 0.020296589 343 154 373 285
person 0.025860805 76 141 109 215
person 0.038557064 226 139 246 171
person 0.042996656 238 160 280 276
person 0.069145195 306 179 339 285
person 0.07496071 122 137 156 222
person 0.10138859 257 125 277 163
person 0.13704893 151 155 183 238
person 0.2579911 87 141 125 249
person 0.3324459 160 163 202 266
person 0.8701227 349 140 395 304
person 0.8856817 309 173 366 296
person 0.92631775 95 138 153 260
person 0.95096827 174 138 228 287
person 0.9817057 249 144 300 292
motorbike 0.021998381 234 169 295 300
bicycle 0.0053306194 304 230 343 307
bicycle 0.029642673 86 172 131 261
bicycle 0.0834009 229 214 266 293
bicycle 0.78470904 77 187 161 280
bicycle 0.8025846 153 187 217 285
bicycle 0.81905884 310 208 372 308
bicycle 0.9494818 233 204 292 299
