sofa 0.007857889 206 201 328 438
person 0.007398774 174 117 251 364
person 0.020635854 143 106 213 450
person 0.054653954 160 111 231 287
person 0.9883451 173 154 311 437
person 0.9986297 8 9 173 484
horse 0.031816266 9 196 182 457
diningtable 0.109711796 17 97 172 469
chair 0.008025751 17 97 172 469
chair 0.022657901 279 216 329 416
chair 0.05804333 153 111 265 407
chair 0.09362457 0 239 49 397
chair 0.83493155 206 201 328 438
bottle 0.009139677 113 142 135 229
bottle 0.014124633 8 20 21 64
bottle 0.025636354 48 11 61 56
bottle 0.03111805 40 10 53 56
bottle 0.08693104 123 140 141 233
