bird 0.005294821 101 163 198 203
bird 0.0057888227 117 127 221 191
bird 0.006750604 109 179 151 205
bird 0.011181244 0 131 13 172
bird 0.013160286 153 86 170 120
bird 0.0146626495 286 99 304 132
bird 0.016102612 3 136 28 167
bird 0.017083181 448 122 468 159
bird 0.029239539 23 121 47 161
bird 0.030460684 391 85 487 175
bird 0.030484088 251 101 300 126
bird 0.038050175 205 114 247 150
bird 0.079460375 205 111 226 154
bird 0.38870853 10 123 52 178
bird 0.7811416 102 96 180 140
bird 0.85693663 140 110 229 160
bird 0.94898385 237 101 311 148
bird 0.94936746 394 130 477 175
bird 0.95593935 113 175 215 215
bird 0.9839037 314 147 400 200
