diningtable 0.006355642 0 183 227 365
diningtable 0.044302095 8 220 209 305
diningtable 0.09539332 10 269 204 366
diningtable 0.17726603 294 260 500 366
chair 0.0052949875 6 330 172 375
chair 0.011857337 33 351 174 375
chair 0.7338249 260 295 401 375
chair 0.9005153 17 296 192 375
boat 0.005694671 0 183 227 365
boat 0.008899224 457 266 493 291
boat 0.011486632 10 269 204 366
boat 0.012824622 260 295 401 375
boat 0.016565692 284 205 335 226
boat 0.0215894 8 220 209 305
boat 0.022988798 437 182 499 194
boat 0.02843035 0 177 45 194
boat 0.10644817 294 260 500 366
boat 0.22145897 182 187 199 196
boat 0.35510394 445 173 500 191
boat 0.8788862 268 211 341 233
