tvmonitor 0.0076826955 173 244 238 304
sofa 0.047391277 171 245 268 301
sofa 0.1948122 372 285 495 375
sofa 0.97797126 338 220 487 334
pottedplant 0.0056706863 2 241 28 339
pottedplant 0.0058714077 15 256 36 300
pottedplant 0.0064536277 0 223 51 358
pottedplant 0.0069477325 20 230 45 272
pottedplant 0.007517847 22 260 42 297
pottedplant 0.014377964 18 227 34 275
pottedplant 0.043679032 63 262 97 295
pottedplant 0.5051731 6 230 44 313
dog 0.025320128 227 273 332 315
diningtable 0.0062601827 171 245 268 301
diningtable 0.00923206 210 246 307 293
diningtable 0.01146752 227 273 332 315
diningtable 0.0135612665 192 254 321 356
diningtable 0.027754977 220 235 301 274
chair 0.00533389 464 202 487 243
chair 0.0059079695 489 192 498 268
chair 0.008715337 261 243 310 273
chair 0.014979695 167 239 271 284
chair 0.015046099 180 261 264 319
chair 0.0162856 446 197 497 246
chair 0.01919783 372 285 495 375
chair 0.021601051 456 201 477 243
chair 0.053935196 475 200 500 244
chair 0.3184256 173 244 238 304
car 0.0051486855 231 224 283 244
bottle 0.0059856856 269 234 282 244
bottle 0.008537796 258 249 274 267
bottle 0.008895921 244 237 285 264
bottle 0.009078056 276 233 287 244
bottle 0.015944147 261 243 310 273
bottle 0.019367218 237 231 289 249
bottle 0.06685153 256 243 277 274
