pottedplant 0.0076948483 245 16 287 53
pottedplant 0.019582806 309 21 355 52
pottedplant 0.032943927 305 16 373 68
person 0.0066363504 0 51 21 97
person 0.010562072 1 30 173 302
person 0.013432516 0 41 9 110
person 0.016321028 475 24 497 174
person 0.018358255 469 5 499 81
person 0.026965722 476 75 499 237
person 0.04191552 0 47 64 304
person 0.08895062 453 7 500 122
person 0.08993967 0 35 20 160
person 0.1443429 0 138 121 268
person 0.56239116 453 41 500 197
person 0.93597454 9 22 86 146
person 0.94540983 104 0 192 157
person 0.9970144 104 61 294 291
person 0.9997117 260 64 483 324
diningtable 0.055014893 18 279 415 331
diningtable 0.5570149 0 252 500 333
chair 0.008408831 457 72 499 238
