person 0.0076019596 443 11 500 189
person 0.009605471 241 5 312 65
person 0.01208743 389 0 411 32
person 0.013360868 147 22 187 88
person 0.030808842 183 0 214 81
person 0.031447843 199 0 237 75
person 0.04461542 264 0 297 68
person 0.04588797 238 0 276 69
person 0.22550245 106 7 141 107
person 0.27615407 482 8 500 189
person 0.7612195 159 0 197 87
motorbike 0.0051902463 132 24 193 90
motorbike 0.005356507 47 31 215 135
motorbike 0.83050215 0 16 136 150
motorbike 0.99605036 93 61 391 327
chair 0.014147185 380 28 451 201
car 0.005184848 133 4 199 83
car 0.008436521 101 16 447 329
car 0.011658013 352 0 389 32
car 0.011920114 5 1 83 49
car 0.0302161 106 52 402 216
car 0.19177209 5 7 129 117
