tvmonitor 0.066617854 1 268 12 313
pottedplant 0.008070681 353 323 429 377
pottedplant 0.023431035 243 169 319 341
person 0.562177 177 130 266 349
person 0.57640666 243 152 322 318
person 0.9696431 293 120 411 337
chair 0.023048263 1 250 26 346
chair 0.032802023 11 249 48 347
chair 0.9969053 19 239 75 357
bottle 0.0060511674 432 316 447 377
bottle 0.0063969907 168 237 187 268
bottle 0.006817657 421 219 451 292
bottle 0.006839349 446 314 464 365
bottle 0.0073763295 493 297 500 380
bottle 0.040597577 456 319 493 379
bottle 0.04206627 106 235 129 274
bottle 0.04798546 417 265 442 337
bottle 0.1937622 409 278 434 356
bottle 0.43171743 433 303 459 374
bottle 0.7958879 421 284 444 374
bottle 0.8172197 317 317 359 379
