person 0.0057282397 376 136 398 170
person 0.0065368954 386 153 398 171
person 0.006710702 327 120 339 137
person 0.009441736 426 118 454 171
person 0.010662653 416 138 489 208
person 0.011321558 390 153 402 171
person 0.012912269 82 147 103 197
person 0.015802778 260 127 296 181
person 0.01951308 72 135 112 210
person 0.024647688 135 124 203 193
person 0.026852269 148 125 172 161
person 0.06358129 360 125 390 221
person 0.08021215 319 121 351 169
person 0.08488071 348 127 374 163
person 0.18202308 271 122 289 154
person 0.5670004 324 121 342 154
person 0.6685368 369 121 393 164
person 0.96537805 88 129 123 197
person 0.9782798 426 120 463 209
person 0.99019367 167 118 206 225
horse 0.0055204425 315 134 358 222
horse 0.012594016 72 144 136 204
horse 0.020502074 316 122 352 187
horse 0.028073074 299 132 372 182
horse 0.04502491 312 149 396 240
horse 0.30010876 54 150 128 249
horse 0.31541345 263 130 329 182
horse 0.99516135 122 145 277 275
horse 0.9961099 323 159 500 257
dog 0.0051567014 269 121 287 153
