person 0.0050293445 338 67 374 133
person 0.007995062 2 127 9 159
person 0.008468012 28 112 41 174
person 0.010550928 217 80 261 144
person 0.012068458 16 100 46 179
person 0.012499422 349 58 373 91
person 0.01329789 1 90 10 158
person 0.028929923 119 65 146 171
person 0.032985963 62 115 77 169
person 0.03668469 0 104 24 168
person 0.048151914 59 110 71 177
person 0.20165673 0 118 13 167
person 0.95330304 32 99 61 189
motorbike 0.018730685 0 104 24 168
motorbike 0.13680682 0 118 13 167
chair 0.0072773695 458 162 496 197
chair 0.010309148 489 156 498 244
chair 0.010902945 410 181 484 278
chair 0.016225237 479 163 499 216
chair 0.021136414 461 160 497 235
chair 0.17569828 475 167 500 258
car 0.0054590343 0 91 46 119
car 0.014573858 0 118 13 167
car 0.015872722 1 90 10 158
car 0.022618862 0 104 24 168
car 0.031415775 0 96 33 131
bicycle 0.041140627 0 118 13 167
