train 0.010827331 359 168 375 271
train 0.13031276 318 132 375 311
train 0.99990535 75 52 323 441
person 0.006068138 23 281 54 312
person 0.0063290247 367 278 375 366
person 0.0071793906 320 276 337 331
person 0.017242152 60 284 78 318
person 0.017954823 313 289 327 356
person 0.050824102 50 285 64 315
person 0.058438487 4 275 16 315
person 0.19127372 43 286 51 316
person 0.19165266 67 281 82 322
person 0.40308166 30 284 43 314
person 0.6742794 355 271 373 369
person 0.8936377 24 283 38 318
person 0.9287101 340 274 365 366
person 0.93146414 321 278 344 362
person 0.93172234 46 327 79 446
person 0.93746966 132 338 164 440
