dog 0.008547806 29 135 200 487
diningtable 0.0051114243 119 4 334 59
diningtable 0.01985713 0 0 79 215
diningtable 0.020318463 0 86 259 499
diningtable 0.026972055 140 126 291 428
diningtable 0.43502557 140 8 324 189
chair 0.005384683 215 1 334 198
chair 0.007107522 22 40 166 310
chair 0.007401437 0 0 56 110
chair 0.0098960465 15 53 322 447
chair 0.011773511 141 0 332 112
chair 0.012157017 0 58 25 190
chair 0.16417907 282 1 334 210
chair 0.29168668 3 0 80 181
chair 0.38438374 0 19 50 226
chair 0.6246366 130 12 301 192
chair 0.9956204 138 48 296 375
chair 0.9972984 15 121 187 466
