sofa 0.005589855 237 89 273 118
sofa 0.45947608 6 128 174 268
sofa 0.8179858 178 136 471 328
pottedplant 0.006191237 198 56 240 80
pottedplant 0.00925836 411 293 492 333
pottedplant 0.016594782 188 67 252 125
pottedplant 0.09610383 199 60 242 108
pottedplant 0.3766148 139 0 174 91
person 0.026392817 198 175 374 297
person 0.065429986 178 122 482 313
dog 0.009079785 156 120 434 313
diningtable 0.010384857 206 102 277 160
diningtable 0.06844939 176 91 264 149
chair 0.0053300103 230 109 278 133
chair 0.006545295 222 99 273 127
chair 0.009635469 160 107 269 215
chair 0.019406848 202 81 242 153
chair 0.023334986 178 98 260 167
chair 0.03147992 221 105 289 160
chair 0.03440894 229 79 286 128
chair 0.17603745 237 89 273 118
chair 0.2748959 166 90 204 157
chair 0.35352674 209 92 278 145
chair 0.75454193 172 95 220 174
chair 0.8766777 2 119 179 275
bicycle 0.007324834 151 142 433 332
