tvmonitor 0.010965706 1 236 11 302
tvmonitor 0.014263899 2 0 62 52
pottedplant 0.11755923 88 2 125 59
pottedplant 0.12164684 82 191 101 232
pottedplant 0.14903861 98 213 140 244
pottedplant 0.16937923 207 10 264 148
pottedplant 0.17146927 95 166 123 199
pottedplant 0.1764122 106 4 146 74
pottedplant 0.19734907 143 16 181 107
pottedplant 0.2001824 125 7 166 77
pottedplant 0.3027863 280 75 347 123
pottedplant 0.30603972 166 188 227 236
pottedplant 0.38034958 54 5 118 70
pottedplant 0.39236495 46 0 86 60
pottedplant 0.6386589 322 53 396 113
pottedplant 0.7463667 93 197 156 240
pottedplant 0.7562402 409 60 466 183
pottedplant 0.7785525 67 92 142 142
pottedplant 0.85890883 229 203 290 256
pottedplant 0.90154374 282 163 340 226
pottedplant 0.93490005 34 149 99 241
pottedplant 0.9501817 340 186 407 258
bottle 0.0050854045 416 0 482 54
bottle 0.0051928693 54 5 118 70
bottle 0.015384119 172 171 205 194
bottle 0.084635116 170 177 225 222
