person 0.0052637197 262 95 302 158
person 0.006402694 282 41 355 88
person 0.006600674 334 46 370 76
person 0.009994387 397 42 417 73
person 0.010836696 265 42 282 76
person 0.015031601 303 49 339 85
person 0.016440094 1 162 7 278
person 0.017310748 356 58 383 88
person 0.017698415 343 58 364 88
person 0.021058138 0 145 13 289
person 0.022244023 253 93 339 156
person 0.022382926 378 44 400 74
person 0.029501474 352 44 387 77
person 0.03874035 365 49 391 84
person 0.07270776 331 48 353 83
person 0.62414134 342 48 380 91
car 0.006404369 101 97 332 186
car 0.007018429 0 145 13 289
car 0.01000301 332 82 496 192
car 0.011647424 403 68 498 131
car 0.01832334 366 55 464 104
car 0.019682338 335 38 491 115
car 0.034625657 43 55 221 146
car 0.7082085 0 85 121 224
car 0.72413015 367 53 500 157
car 0.9998361 13 86 490 351
bus 0.018129827 36 25 231 138
