sofa 0.020549836 350 9 500 201
sheep 0.060193807 351 20 500 141
person 0.0050815586 491 8 499 106
person 0.005517453 479 7 499 115
person 0.0073753768 49 63 377 375
person 0.008770109 0 41 173 278
person 0.009111791 371 18 499 286
person 0.013279389 276 1 316 93
person 0.029507032 318 0 385 96
person 0.03598601 267 6 295 89
person 0.059733022 69 63 297 256
person 0.06658831 438 48 500 233
person 0.18044043 342 23 495 137
horse 0.013355696 351 20 500 141
horse 0.01387833 433 104 500 292
dog 0.006579547 439 26 500 216
dog 0.017691221 390 54 500 316
dog 0.5647943 346 38 491 156
dog 0.8874308 433 104 500 292
dog 0.8995556 66 79 304 281
dog 0.9839739 0 62 122 294
dog 0.9926552 123 94 375 357
chair 0.013370785 0 79 123 350
chair 0.029037181 346 38 491 156
cat 0.032679725 351 20 500 141
