tvmonitor 0.88776916 12 208 131 351
pottedplant 0.013032073 0 78 34 142
pottedplant 0.016867634 172 2 222 23
pottedplant 0.022055998 293 148 313 188
person 0.008404211 282 113 297 164
person 0.013507735 270 102 284 122
person 0.016671924 317 116 327 181
person 0.017691838 271 104 294 137
person 0.020618185 139 284 155 322
person 0.027322674 25 224 122 342
person 0.02858328 271 102 300 187
person 0.9992492 165 36 295 451
chair 0.0054408223 175 93 290 460
bottle 0.0058095013 317 116 327 181
bottle 0.02760907 143 185 152 210
