train 0.037807155 23 164 184 234
pottedplant 0.0060977316 2 221 254 369
person 0.029106136 224 171 268 229
diningtable 0.0050468356 0 312 448 374
chair 0.00503384 44 368 291 375
chair 0.0055107493 1 276 21 375
chair 0.0066817477 103 347 255 375
chair 0.0076904665 23 332 179 375
chair 0.013602117 15 318 115 375
chair 0.038528964 208 318 376 367
chair 0.055430714 61 338 270 371
chair 0.14478555 66 339 267 375
car 0.0063784085 247 182 350 219
car 0.0069991886 0 234 106 282
car 0.034201514 301 198 344 222
car 0.09447876 26 169 233 233
car 0.15342267 0 239 217 345
bus 0.005907097 301 198 344 222
bus 0.008198157 42 170 169 228
bus 0.022517018 247 182 350 219
boat 0.008759772 3 246 260 347
boat 0.013046348 26 169 233 233
