sofa 0.0061152447 178 283 218 313
sofa 0.008192914 0 290 96 373
sofa 0.009160114 17 273 53 302
sofa 0.027997574 461 298 497 372
sofa 0.04041871 126 278 196 323
pottedplant 0.005000485 84 246 117 309
pottedplant 0.00529996 132 260 145 274
pottedplant 0.0060464707 122 252 134 270
pottedplant 0.007778163 113 243 146 308
pottedplant 0.008132509 314 257 347 323
pottedplant 0.008354141 269 257 291 284
pottedplant 0.008575564 90 245 108 278
pottedplant 0.011934725 108 238 176 281
pottedplant 0.0128889 142 260 154 275
pottedplant 0.014668814 123 259 136 273
pottedplant 0.021283116 230 235 353 314
pottedplant 0.04296732 296 242 338 311
pottedplant 0.06621079 117 255 157 281
pottedplant 0.06622245 259 253 338 303
pottedplant 0.07592521 255 276 339 322
person 0.006137581 353 247 391 310
person 0.0074612806 477 240 497 293
person 0.010112627 84 246 117 309
person 0.013555481 86 251 101 285
person 0.05116068 90 245 108 278
person 0.07247085 490 225 500 295
person 0.072569825 265 257 289 284
person 0.07516149 470 241 500 340
person 0.7997941 460 227 496 293
diningtable 0.006484809 209 263 372 338
diningtable 0.0073281704 0 315 60 374
diningtable 0.008421114 147 285 223 328
diningtable 0.009811054 243 291 323 329
diningtable 0.01073745 17 273 53 302
diningtable 0.013645099 122 270 158 326
diningtable 0.030099949 275 326 403 375
diningtable 0.13593426 126 278 196 323
diningtable 0.39075232 164 310 414 375
diningtable 0.42456073 2 292 95 375
chair 0.07961848 248 302 299 331
chair 0.0801726 0 297 28 370
chair 0.08784944 139 276 161 322
chair 0.09434329 461 314 497 375
chair 0.09843284 158 279 182 319
chair 0.16379556 178 283 218 313
chair 0.18114865 99 270 120 306
chair 0.21141995 68 278 104 349
chair 0.22605911 50 274 78 299
chair 0.22897308 122 270 158 326
chair 0.2690804 309 319 399 375
chair 0.2780735 17 273 53 302
chair 0.30716866 84 264 116 323
chair 0.32608396 168 288 235 335
chair 0.36456668 0 303 63 370
chair 0.43615967 238 313 417 375
chair 0.4990547 259 286 329 328
chair 0.51360357 167 302 242 368
chair 0.8122442 172 311 314 375
chair 0.9642695 45 285 98 375
