pottedplant 0.011382128 299 294 324 318
person 0.006249979 66 317 80 330
person 0.0064320983 17 316 32 331
person 0.010185792 113 304 131 331
person 0.014372047 122 314 135 331
person 0.014480104 23 317 38 331
motorbike 0.020735996 77 313 122 331
car 0.008732895 23 317 38 331
car 0.009513815 39 318 63 328
car 0.011790319 61 306 105 330
car 0.012676183 188 304 207 313
car 0.016064307 66 317 80 330
car 0.016393267 299 294 324 318
car 0.01692722 186 305 211 324
car 0.020459507 208 301 227 313
car 0.02116987 5 313 46 333
car 0.02348801 130 307 174 330
car 0.023753963 167 307 190 323
car 0.025278825 86 313 131 331
car 0.044949647 242 300 261 327
car 0.200698 207 302 229 329
car 0.3417747 75 314 109 332
car 0.39829642 19 313 68 332
car 0.9613377 215 300 257 329
car 0.9639968 259 296 305 328
car 0.9650545 187 301 223 333
car 0.98600394 149 307 187 331
bus 0.038929652 19 313 68 332
boat 0.010282185 19 313 68 332
