sofa 0.017001925 99 213 317 375
person 0.0051694685 158 244 345 371
person 0.005201704 217 161 359 357
person 0.27485356 245 153 351 276
person 0.9987327 106 140 309 375
diningtable 0.0054493765 411 208 490 266
diningtable 0.99953836 223 246 483 375
chair 0.0057474747 245 153 351 276
chair 0.008871901 301 174 342 193
chair 0.011214115 367 341 500 375
chair 0.014348221 250 208 350 255
chair 0.0243494 312 239 484 367
chair 0.029107563 225 321 333 375
chair 0.035600543 170 297 330 375
chair 0.041958563 199 213 278 258
chair 0.09060612 480 214 499 373
chair 0.12432211 88 279 267 375
chair 0.2278841 411 208 490 266
chair 0.3580676 99 213 317 375
chair 0.4008379 410 211 498 375
bottle 0.026947886 188 220 224 298
