sheep 0.014181336 378 271 415 297
person 0.05771318 422 266 456 295
horse 0.0067183683 279 253 328 299
horse 0.006785667 234 264 257 306
horse 0.0069785886 254 252 277 304
horse 0.009154816 204 251 246 286
horse 0.036790427 344 244 380 290
horse 0.06594779 423 271 455 295
horse 0.172543 378 271 415 297
dog 0.012550851 378 271 415 297
dog 0.024600428 423 271 455 295
cow 0.0056269625 206 259 228 312
cow 0.0057224003 262 258 284 299
cow 0.006377146 253 265 278 303
cow 0.010957926 203 251 227 287
cow 0.015347588 363 254 425 295
cow 0.018109096 234 264 257 306
cow 0.097132474 423 271 455 295
cow 0.48336178 378 271 415 297
cow 0.54720396 201 249 241 306
cow 0.6802239 206 246 275 307
cow 0.777579 242 248 282 305
cow 0.7820098 341 242 382 295
cow 0.8275305 275 248 329 305
bird 0.026814813 422 266 456 295
