person 0.01050066 125 179 166 253
person 0.0108503355 369 145 451 286
person 0.015703082 90 174 239 304
person 0.018046437 142 162 211 301
person 0.019703895 0 178 24 285
person 0.022346878 2 180 52 258
person 0.023869062 85 163 125 233
person 0.03439849 437 122 500 333
person 0.0523835 66 169 144 271
person 0.07004897 340 101 481 306
person 0.10440275 0 174 63 330
person 0.29252255 395 146 478 322
person 0.29652575 111 170 177 300
person 0.29887334 374 91 423 171
person 0.39939335 375 76 489 236
person 0.87582886 146 167 188 253
person 0.90434575 23 176 163 326
person 0.92170864 340 148 417 272
person 0.9273754 308 148 359 243
person 0.96216714 269 146 322 230
diningtable 0.05260657 0 205 458 333
diningtable 0.93414474 145 224 428 327
chair 0.005306281 9 203 166 332
bottle 0.06855172 307 211 320 250
bottle 0.21583351 305 209 320 286
