sheep 0.008770123 360 70 414 165
sheep 0.018891776 415 183 500 312
person 0.005792627 193 73 237 105
person 0.006431878 0 92 10 140
person 0.0073279007 0 129 21 260
person 0.00754257 31 96 70 120
person 0.008770405 63 179 310 375
person 0.009704407 9 103 85 164
person 0.016434992 0 100 34 134
person 0.02439646 3 211 88 271
person 0.027009306 23 99 65 133
person 0.05262372 0 103 56 250
person 0.15725313 32 110 132 168
person 0.17184493 0 106 31 213
person 0.22814499 2 95 56 150
person 0.48934087 13 128 122 255
dog 0.01826396 32 110 132 168
dog 0.07115407 97 193 308 375
bird 0.0056455717 488 147 498 221
bird 0.0058655334 483 139 499 252
bird 0.024636213 193 73 237 105
bird 0.04195094 480 168 498 216
bird 0.12226565 145 65 172 103
bird 0.18327068 32 110 132 168
bird 0.2141414 20 124 141 254
bird 0.94427425 188 83 262 182
bird 0.9689054 415 170 500 306
bird 0.99302846 264 113 322 205
bird 0.99391156 361 64 411 169
bird 0.9944524 91 185 311 374
