person 0.007624526 79 285 148 355
person 0.010742041 216 281 243 358
person 0.0112958355 180 267 215 339
person 0.021529974 147 269 168 339
person 0.02889539 127 278 151 357
person 0.033823278 130 287 142 341
person 0.04921149 163 294 180 351
person 0.051121507 157 296 173 347
person 0.07087015 243 297 280 376
person 0.078143105 272 282 310 361
person 0.08881532 252 323 291 424
person 0.09331479 254 305 325 446
person 0.17049928 161 275 190 354
person 0.34799308 136 298 150 344
person 0.56892246 88 273 125 373
person 0.881202 178 273 223 398
person 0.9060126 247 280 308 397
person 0.94044805 270 252 375 500
person 0.9593213 0 286 26 416
person 0.9850548 28 293 63 423
motorbike 0.0090495385 256 363 330 433
motorbike 0.013409855 180 317 223 398
motorbike 0.017118819 243 319 280 393
motorbike 0.056126524 87 283 126 378
motorbike 0.057972066 247 312 307 435
motorbike 0.071228735 257 284 375 499
horse 0.011005004 136 298 150 344
car 0.0053462456 246 275 362 383
car 0.031030662 73 293 137 372
bottle 0.0075254687 334 471 375 500
bottle 0.009667026 279 384 295 433
bicycle 0.0071931942 165 319 182 360
bicycle 0.007637649 258 353 294 437
bicycle 0.012052505 212 322 254 388
bicycle 0.030063296 284 355 374 500
bicycle 0.05182722 247 312 307 435
bicycle 0.055465415 176 323 247 394
bicycle 0.062649734 243 319 280 393
bicycle 0.06400723 265 378 328 438
bicycle 0.5824543 182 333 223 405
