person 0.0081895925 472 168 482 190
person 0.0095520755 463 168 470 190
person 0.025897762 449 159 461 197
person 0.037320334 287 170 300 208
person 0.0540687 442 162 454 196
car 0.0055766194 459 158 492 187
car 0.0122931935 286 175 322 201
car 0.018629087 287 170 300 208
car 0.071613856 304 173 338 201
car 0.50958264 163 174 277 230
bus 0.006827443 183 170 290 227
aeroplane 0.005807995 282 153 356 203
aeroplane 0.0070430175 459 158 492 187
aeroplane 0.0071303137 305 165 338 199
aeroplane 0.007830956 435 128 500 187
aeroplane 0.0098291105 410 144 494 196
aeroplane 0.012516957 238 105 419 182
aeroplane 0.016024856 165 164 310 227
aeroplane 0.017250737 296 129 353 159
aeroplane 0.04429963 372 117 500 195
aeroplane 0.06855756 402 102 500 146
aeroplane 0.8709944 275 121 466 203
