person 0.005885562 91 262 106 308
person 0.0112336045 280 256 294 282
person 0.012971756 74 258 90 311
person 0.016194528 55 262 70 295
person 0.021760829 8 243 41 309
person 0.028485805 119 262 139 305
person 0.034051545 84 257 100 313
person 0.035579454 44 262 61 292
person 0.042137302 27 268 46 303
person 0.04836057 65 263 76 305
person 0.19452219 109 261 130 306
person 0.25838277 5 266 25 323
person 0.38153926 331 257 352 295
motorbike 0.011868984 27 268 46 303
car 0.008151983 23 249 47 288
car 0.00891521 44 262 61 292
car 0.010026831 0 267 7 291
car 0.018088397 27 262 57 296
car 0.025511898 8 243 41 309
car 0.04821016 0 264 13 311
car 0.2417446 4 263 25 312
car 0.24699786 27 268 46 303
car 0.7807209 132 269 304 323
car 0.88868845 335 262 500 316
