tvmonitor 0.0052030752 1 121 88 232
tvmonitor 0.038445078 96 239 159 341
pottedplant 0.0066015953 13 85 81 146
pottedplant 0.009202969 49 22 222 213
pottedplant 0.012916568 377 108 461 212
pottedplant 0.01381104 226 102 298 219
pottedplant 0.02974758 274 117 403 239
pottedplant 0.050938133 108 109 182 172
pottedplant 0.05866593 119 126 194 224
pottedplant 0.0645697 106 100 145 180
pottedplant 0.12577595 108 88 237 209
pottedplant 0.15539199 28 88 157 210
pottedplant 0.4397597 183 92 249 227
pottedplant 0.608577 268 41 446 255
diningtable 0.008941332 148 304 433 375
car 0.00674466 86 300 424 375
car 0.014681609 272 298 460 375
bottle 0.010532358 226 102 298 219
bottle 0.011858727 439 103 470 207
bottle 0.019040298 213 291 258 325
bottle 0.020523867 95 219 159 335
bottle 0.031608507 482 91 498 223
bottle 0.18499175 399 106 461 211
bottle 0.81967413 452 85 487 201
