train 0.007460482 35 48 478 257
train 0.008653463 145 79 500 157
train 0.03265253 161 103 416 193
person 0.005196308 1 117 5 151
person 0.008625265 489 126 498 200
person 0.00868606 0 107 8 162
person 0.009729827 1 102 5 131
person 0.031717803 477 105 500 178
person 0.10645079 8 123 23 164
person 0.2868933 16 123 33 162
person 0.45141718 311 88 389 375
person 0.7322827 24 123 39 163
person 0.9099101 203 101 319 375
person 0.9522155 142 99 215 364
motorbike 0.0057014707 24 123 39 163
car 0.005965745 492 136 500 208
car 0.0061758817 10 125 39 163
car 0.0070759472 1 102 5 131
car 0.008848616 8 123 23 164
car 0.011062077 476 139 499 186
car 0.022361454 477 105 500 178
