person 0.0050503444 281 134 313 204
person 0.005380574 131 117 184 342
person 0.0055055004 394 96 467 245
person 0.0055858097 249 143 318 197
person 0.0076189092 2 91 16 284
person 0.012937481 283 166 364 289
person 0.013877842 143 91 197 254
person 0.015069454 150 87 186 177
person 0.016562773 212 108 333 338
person 0.028557945 343 127 411 327
person 0.10682928 0 89 26 360
person 0.29071793 5 116 91 344
person 0.44263482 225 137 311 273
person 0.56295174 296 165 383 360
person 0.5882002 292 86 363 210
person 0.6238952 154 111 239 350
person 0.6509178 80 119 180 360
person 0.8531762 363 96 458 358
person 0.87047863 223 72 305 187
person 0.9315749 222 227 340 360
