tvmonitor 0.009506482 35 13 473 376
tvmonitor 0.010469739 56 2 119 44
tvmonitor 0.02060237 24 0 60 37
tvmonitor 0.02645834 4 0 62 49
tvmonitor 0.087597035 67 7 103 37
tvmonitor 0.67974883 383 7 453 65
pottedplant 0.006650991 340 21 359 55
pottedplant 0.023964437 343 15 378 58
pottedplant 0.051423017 335 13 349 50
person 0.0054115853 424 20 432 37
person 0.023997445 323 51 395 151
diningtable 0.98925644 22 70 482 376
chair 0.007999671 0 38 20 199
chair 0.019306641 287 0 321 56
chair 0.8308837 0 28 63 181
bottle 0.029256228 335 13 349 50
