tvmonitor 0.0051233037 207 81 244 107
pottedplant 0.017241614 439 94 500 261
pottedplant 0.13627997 368 71 492 333
person 0.0059130006 248 67 274 104
person 0.0071658497 263 92 335 304
person 0.9627929 256 64 396 329
person 0.9961808 323 65 490 334
diningtable 0.0092096515 104 188 235 312
diningtable 0.039092258 6 114 85 167
diningtable 0.59082574 61 139 236 251
chair 0.0055817193 45 114 126 156
chair 0.0067958073 205 179 271 247
chair 0.008168056 207 81 244 107
chair 0.009018812 0 138 8 224
chair 0.0091475565 199 93 278 151
chair 0.009285886 190 133 256 262
chair 0.009364247 0 102 25 184
chair 0.009938086 130 185 208 249
chair 0.017767565 2 143 26 279
chair 0.018607706 45 180 122 254
chair 0.024790434 0 114 8 191
chair 0.17553398 2 151 90 277
chair 0.34476864 134 197 222 315
chair 0.599754 27 174 112 297
chair 0.65010166 3 132 52 261
chair 0.68280596 0 119 45 199
bottle 0.0055627287 263 92 335 304
