tvmonitor 0.015518136 375 327 484 375
sofa 0.013102679 399 59 500 318
person 0.022704097 399 59 500 318
person 0.3455338 440 45 499 234
person 0.9997737 44 53 226 349
person 0.9998896 208 102 436 347
diningtable 0.008374132 375 327 484 375
diningtable 0.018952375 0 195 83 354
diningtable 0.6185237 5 326 499 375
chair 0.009010495 31 163 235 367
chair 0.011658238 375 327 484 375
chair 0.020295205 442 109 497 357
chair 0.112669565 399 59 500 318
chair 0.7030411 0 189 62 356
bottle 0.99844575 326 283 365 375
