person 0.0053167944 443 250 498 375
person 0.0074070855 77 51 102 113
person 0.03117107 480 214 498 295
person 0.99313134 110 151 247 364
person 0.9999405 192 87 448 375
diningtable 0.030739736 384 248 500 362
diningtable 0.08295168 443 250 498 375
chair 0.00541711 480 245 499 375
chair 0.025597516 443 250 498 375
bottle 0.05856414 67 137 81 207
bottle 0.061415896 73 140 87 207
bottle 0.0800854 65 321 83 371
bottle 0.09691749 471 220 484 279
bottle 0.097431764 457 215 480 289
bottle 0.11105931 0 24 9 93
bottle 0.11764775 52 323 70 372
bottle 0.12705815 490 208 498 289
bottle 0.14155461 451 225 467 274
bottle 0.19459352 52 315 86 374
bottle 0.2635331 72 320 88 370
bottle 0.2672477 77 51 102 113
bottle 0.48333925 457 225 472 276
bottle 0.5646242 49 131 75 210
bottle 0.59095347 8 22 36 102
bottle 0.6642039 478 218 492 281
bottle 0.70200133 114 130 136 222
bottle 0.90548384 41 125 65 217
bottle 0.9382346 88 221 112 296
bottle 0.9977713 12 225 42 321
