train 0.008756834 324 172 390 217
train 0.015278639 15 153 169 253
train 0.057086866 135 152 359 229
person 0.011342245 328 194 335 213
person 0.011504646 310 192 319 213
person 0.014079993 316 193 325 214
person 0.01583921 285 221 295 242
person 0.016723756 258 198 265 226
person 0.018287217 286 195 296 213
person 0.022771532 225 197 244 230
person 0.023245426 313 188 328 218
person 0.029224468 197 193 218 230
person 0.032301925 366 193 376 211
person 0.034391977 317 200 325 221
person 0.035365656 374 202 382 223
person 0.055456452 329 199 336 224
person 0.05797512 177 203 196 236
person 0.06386115 278 191 292 232
person 0.06854876 284 190 297 235
person 0.08876658 215 199 236 243
person 0.094478466 328 195 340 229
person 0.38590717 249 197 261 225
person 0.4567188 333 194 346 230
motorbike 0.015052695 263 257 328 370
car 0.0061745388 178 200 197 228
car 0.008546429 263 257 328 370
car 0.049821902 208 198 243 228
car 0.056490283 187 193 249 235
car 0.1417538 26 170 165 253
car 0.9142987 364 183 500 375
bus 0.008569527 182 182 259 225
bus 0.059551932 26 170 165 253
bicycle 0.007775675 263 257 328 370
bicycle 0.008090829 335 209 345 231
