tvmonitor 0.013730858 342 177 407 226
tvmonitor 0.030322155 192 173 237 232
tvmonitor 0.05049821 403 222 500 358
diningtable 0.006042909 189 172 243 232
diningtable 0.0277797 151 207 352 337
diningtable 0.98051184 16 213 396 370
chair 0.0050990926 335 217 418 293
chair 0.005672464 365 210 457 333
chair 0.0062001944 48 194 127 357
chair 0.013001172 230 178 259 247
chair 0.019362032 245 189 263 236
chair 0.025310744 403 222 500 358
chair 0.07758298 83 182 161 359
chair 0.11516315 61 194 295 365
chair 0.2679956 325 192 429 333
chair 0.35394156 192 173 237 232
chair 0.469252 82 179 160 250
chair 0.63249075 342 177 407 226
chair 0.91838807 1 208 177 375
chair 0.995109 198 242 352 372
