tvmonitor 0.04900228 180 130 201 176
sofa 0.81562763 193 184 325 261
pottedplant 0.015030333 225 234 265 262
person 0.011658861 185 188 337 241
person 0.07138788 293 284 367 342
dog 0.0053778514 293 284 367 342
dog 0.014439651 225 234 265 262
chair 0.008328808 233 149 297 177
chair 0.015330643 489 334 498 375
chair 0.05432667 478 339 498 375
cat 0.0077087213 225 234 265 262
car 0.0053081512 318 164 341 177
car 0.017901627 307 150 342 178
car 0.045583904 226 141 297 183
bottle 0.008517386 248 243 261 259
