sofa 0.016499998 0 260 31 372
sofa 0.8723497 321 225 495 354
pottedplant 0.00500266 126 164 156 225
pottedplant 0.0052788253 325 283 343 331
pottedplant 0.0054409513 303 168 433 257
pottedplant 0.006314764 303 92 486 269
pottedplant 0.006359482 322 222 494 332
pottedplant 0.006761366 225 164 243 182
pottedplant 0.0074755847 166 172 200 225
pottedplant 0.010401143 160 188 192 220
pottedplant 0.01135252 95 176 240 284
pottedplant 0.02799209 341 135 445 190
pottedplant 0.02848068 156 196 180 223
pottedplant 0.030671028 326 149 428 206
pottedplant 0.30194244 222 162 245 199
pottedplant 0.674964 323 128 459 225
diningtable 0.018116951 95 176 240 284
diningtable 0.7717925 55 215 286 374
chair 0.007377451 221 186 260 254
chair 0.008895437 126 197 203 316
chair 0.012286593 239 189 279 255
chair 0.012930658 262 188 301 256
chair 0.022454605 196 180 302 292
chair 0.02717434 207 198 276 274
chair 0.08523315 84 204 121 237
chair 0.13921382 0 277 33 375
chair 0.19882189 322 222 494 332
chair 0.2609433 25 239 108 375
chair 0.32500443 96 218 187 373
chair 0.97733164 275 190 320 271
chair 0.99027026 204 207 283 332
