tvmonitor 0.077235684 3 0 256 375
tvmonitor 0.99932986 12 8 251 204
sofa 0.0053718924 0 147 188 375
sofa 0.016932627 194 135 383 375
pottedplant 0.006716467 220 43 421 355
pottedplant 0.015434284 420 170 476 195
pottedplant 0.08553692 292 24 389 122
person 0.009128541 242 200 395 326
person 0.9515282 362 61 476 341
person 0.99812835 8 50 173 375
person 0.99981296 193 75 385 375
motorbike 0.0072658705 0 147 188 375
diningtable 0.005033893 215 147 418 369
chair 0.013268472 191 231 328 373
chair 0.018571978 219 203 358 332
chair 0.02090182 478 158 498 312
chair 0.023894269 41 239 221 373
chair 0.028231166 0 241 140 369
chair 0.048464563 453 150 500 318
chair 0.5439181 194 135 383 375
chair 0.55953485 0 147 188 375
chair 0.68593323 368 72 484 359
