tvmonitor 0.017506674 0 20 53 338
person 0.006356689 373 223 388 258
person 0.0071228663 480 230 492 252
person 0.008017467 213 188 253 241
person 0.010031085 126 146 199 279
person 0.011196346 164 178 200 252
person 0.011557026 376 233 385 260
person 0.012675302 493 235 500 323
person 0.014320455 493 221 499 243
person 0.044668127 492 225 500 255
person 0.06473618 477 225 497 259
person 0.09750741 480 226 498 320
person 0.3065272 490 221 500 279
motorbike 0.0069353073 493 235 500 323
motorbike 0.015356343 477 230 497 269
motorbike 0.037013073 490 221 500 279
car 0.006911674 387 209 485 258
car 0.0069415336 493 221 499 243
car 0.008273745 480 226 498 320
car 0.011433751 471 227 500 257
car 0.015694534 490 221 500 279
car 0.039779045 493 235 500 323
bus 0.005994842 337 210 410 252
bus 0.007871489 303 168 369 230
bus 0.026041226 379 212 453 255
bus 0.032376274 319 187 386 245
bus 0.10506455 0 20 53 338
bus 0.63736653 398 209 499 260
bus 0.9995385 0 0 385 375
bottle 0.0067068106 0 20 53 338
bicycle 0.0073484937 491 225 500 292
