train 0.8791278 175 76 306 216
train 0.9978083 304 44 492 246
person 0.006502765 95 120 115 199
person 0.007843209 87 124 100 182
person 0.009358148 57 98 82 255
person 0.009585891 32 180 47 238
person 0.021230482 0 103 5 203
person 0.031729367 103 127 112 179
person 0.042506553 71 120 96 228
person 0.06611446 21 94 80 254
person 0.07575862 142 123 154 182
person 0.12102526 94 126 107 178
person 0.23819157 136 120 147 186
person 0.46544194 66 86 98 197
person 0.49554187 44 80 92 238
person 0.6267994 116 116 137 196
person 0.8899942 150 121 165 181
person 0.91301686 7 108 40 235
car 0.009543563 163 73 292 215
bus 0.07762884 175 76 306 216
