tvmonitor 0.009599943 461 109 486 142
sofa 0.015572731 1 150 121 286
sofa 0.0188049 6 159 204 358
sofa 0.024013275 190 157 306 268
sofa 0.049796868 5 157 61 279
sofa 0.057427842 25 143 153 234
pottedplant 0.0058338563 44 148 83 240
pottedplant 0.028620936 25 143 153 234
person 0.039619178 60 38 82 79
person 0.7851201 200 128 286 265
diningtable 0.011633062 25 143 153 234
diningtable 0.01978622 6 159 204 358
chair 0.007614221 436 111 500 359
chair 0.009531673 274 126 293 162
chair 0.010061677 202 182 283 249
chair 0.017752506 5 157 61 279
chair 0.094113305 265 183 334 250
chair 0.6293346 190 157 306 268
chair 0.90677094 190 202 396 347
bottle 0.006958045 195 16 211 48
bottle 0.011517908 222 23 229 51
