person 0.0052491697 491 300 499 329
person 0.006021645 14 199 27 260
person 0.0065633827 450 261 458 286
person 0.008107533 480 280 500 332
person 0.00961826 441 228 468 284
person 0.009962933 446 248 453 285
person 0.012173344 277 244 288 276
person 0.02758263 266 240 282 278
person 0.03423058 488 289 500 332
person 0.03495795 376 248 392 281
person 0.040952895 327 238 341 280
person 0.06547104 333 238 349 281
person 0.72416943 55 227 72 281
person 0.7352721 87 224 104 284
person 0.8621234 446 243 460 286
person 0.8673335 145 229 161 279
person 0.9120762 208 232 224 281
person 0.9268625 119 226 136 281
boat 0.008987696 374 193 495 278
aeroplane 0.01883843 374 193 495 278
