sheep 0.0055594784 2 197 12 263
sheep 0.009698497 5 204 19 221
sheep 0.0100514265 2 201 11 223
sheep 0.02856225 125 210 160 268
sheep 0.033158362 147 214 181 271
sheep 0.039746538 393 206 434 259
sheep 0.08173871 448 209 492 259
sheep 0.111823946 80 217 119 271
sheep 0.5542881 4 204 49 262
horse 0.0050000325 124 208 141 257
horse 0.011759511 453 208 493 254
horse 0.022133496 4 204 49 262
horse 0.02354349 79 220 119 273
horse 0.023677913 127 212 152 253
horse 0.02735545 396 204 435 255
horse 0.07073516 147 219 181 275
dog 0.0061812242 4 204 49 262
cow 0.0060886033 139 212 156 253
cow 0.0075475927 2 203 28 263
cow 0.007837288 475 210 493 252
cow 0.016662644 278 221 315 273
cow 0.036226403 299 221 341 274
cow 0.037790585 121 209 175 269
cow 0.04410392 335 219 380 275
cow 0.046913642 124 208 141 257
cow 0.2512937 444 209 496 257
cow 0.27923295 127 212 152 253
cow 0.38132346 5 206 52 261
cow 0.49576062 79 220 119 273
cow 0.55336446 147 219 181 275
cow 0.6900641 299 211 376 273
cow 0.84810674 235 213 316 268
cow 0.89796424 393 206 434 259
