person 0.006580701 112 2 378 77
person 0.0070184926 159 0 245 49
person 0.009531331 263 0 336 46
person 0.009621724 483 76 499 277
person 0.011607709 314 0 500 194
person 0.020945601 400 0 500 329
person 0.028024158 470 17 500 333
person 0.035784442 0 0 58 311
person 0.054514404 18 31 434 333
person 0.08092136 169 0 312 53
person 0.14890425 417 0 495 98
person 0.16301654 3 0 115 268
person 0.4877788 23 0 171 129
person 0.6355942 293 0 436 84
person 0.70177984 431 0 499 210
diningtable 0.9917188 17 27 487 333
