diningtable 0.0061599324 211 172 269 228
diningtable 0.008455478 134 208 200 304
diningtable 0.07516557 104 202 182 267
diningtable 0.9782615 95 204 253 300
chair 0.009484029 87 199 116 241
chair 0.009628873 100 212 144 280
chair 0.011451226 177 212 225 297
chair 0.03161332 145 191 192 213
chair 0.036534898 84 204 216 289
chair 0.041519113 52 259 123 331
chair 0.04966601 108 215 180 281
chair 0.057555407 161 198 213 219
chair 0.122366175 121 202 162 270
chair 0.19479251 47 227 75 325
chair 0.1963766 144 200 255 298
chair 0.23518384 180 231 258 309
chair 0.27146134 211 172 269 228
chair 0.35421753 134 208 200 304
chair 0.8733918 208 203 272 307
chair 0.93537307 92 200 131 257
