sofa 0.0070795 18 127 147 372
person 0.008025278 69 12 147 152
person 0.010927987 0 187 31 375
person 0.011313788 137 49 176 149
person 0.013150115 1 168 17 342
person 0.015684072 0 133 51 375
person 0.018133061 463 52 486 155
person 0.024979329 137 9 182 270
person 0.029325977 478 47 499 162
person 0.067168936 344 14 397 183
person 0.45273578 83 15 163 298
person 0.97276175 253 136 385 341
person 0.97912514 20 107 147 346
diningtable 0.011164614 0 311 500 375
chair 0.017566113 18 127 147 372
chair 0.08707801 254 170 392 341
bottle 0.08143727 255 8 271 48
