person 0.0061161052 176 48 197 81
person 0.007543199 361 110 500 259
person 0.012307812 143 63 153 88
person 0.023423472 448 7 498 310
person 0.024864998 153 59 166 77
person 0.024907785 150 60 168 90
person 0.044114113 56 63 68 111
person 0.050848417 171 42 205 74
person 0.11380033 139 58 153 96
person 0.33725098 124 54 140 103
person 0.6934223 97 54 116 102
person 0.71023893 131 54 146 101
person 0.97010773 373 16 495 351
person 0.99950784 126 0 384 375
car 0.0052595576 409 39 492 79
bottle 0.011938957 145 0 360 344
