sofa 0.005919328 38 79 215 395
person 0.0070649786 204 70 271 178
person 0.010610711 0 59 45 219
person 0.0131307 275 52 296 92
person 0.014609155 67 58 84 106
person 0.016712738 4 39 39 96
person 0.020911582 68 46 97 126
person 0.02197576 0 82 22 201
person 0.022116773 267 72 302 169
person 0.022953058 259 54 315 235
person 0.03358524 104 56 124 89
person 0.03554641 214 86 250 164
person 0.06752808 78 47 115 124
person 0.06885568 72 42 121 239
person 0.12610635 0 55 35 156
person 0.17043033 273 46 310 128
person 0.20172939 241 60 302 184
person 0.25370306 7 53 77 195
person 0.25778493 246 150 292 220
person 0.3931146 234 62 278 154
person 0.9998481 50 36 212 389
dog 0.7705473 122 316 195 425
