person 0.005010691 356 121 375 177
person 0.005054223 88 194 159 248
person 0.005214591 302 153 366 291
person 0.008260995 155 164 177 207
person 0.01412681 141 162 164 195
person 0.015362468 311 167 345 231
person 0.015670268 301 154 329 187
person 0.015676035 135 169 154 201
person 0.021914622 88 167 128 235
person 0.031201137 318 169 339 206
person 0.032732442 124 168 144 204
person 0.047219384 158 163 186 232
person 0.05421431 91 174 283 391
person 0.088564694 88 160 154 281
person 0.29195383 160 154 186 200
person 0.32764673 91 158 147 212
person 0.37452278 293 156 334 209
person 0.81451464 114 252 237 392
person 0.9864433 337 120 374 208
person 0.99889696 153 130 358 420
diningtable 0.0052213576 317 176 375 304
diningtable 0.005385793 53 193 247 383
diningtable 0.0071298894 99 185 174 295
diningtable 0.017058697 87 242 215 352
diningtable 0.019533912 336 247 373 316
diningtable 0.045922592 89 195 183 250
diningtable 0.079246186 10 208 87 314
diningtable 0.08385124 83 211 157 268
diningtable 0.11369548 77 224 151 324
diningtable 0.2125647 40 198 174 311
chair 0.007057438 92 201 141 278
chair 0.08085507 336 247 373 316
chair 0.38020042 79 212 151 312
chair 0.4239729 23 213 91 312
bottle 0.009343164 129 189 140 204
