tvmonitor 0.00577717 0 95 17 221
tvmonitor 0.0062324107 0 0 26 97
tvmonitor 0.27764735 2 103 79 212
tvmonitor 0.99265534 92 112 223 253
tvmonitor 0.99666244 232 116 353 258
pottedplant 0.0063700695 461 121 491 188
pottedplant 0.07138842 474 123 498 191
person 0.0066837627 357 20 383 78
person 0.008256182 144 148 182 212
person 0.01270556 127 150 164 209
person 0.10607423 122 143 198 217
bottle 0.0068205805 410 239 431 280
bottle 0.0079785045 443 195 474 275
bottle 0.032565463 490 117 498 208
bottle 0.03568884 461 121 491 188
bottle 0.068586394 474 123 498 191
