person 0.0050063515 310 105 468 220
person 0.006694902 143 58 180 113
person 0.008516859 63 82 147 151
person 0.008743405 149 61 185 89
person 0.010057341 139 73 179 152
person 0.01012327 310 52 334 81
person 0.012783453 219 82 260 151
person 0.03136007 71 55 188 142
person 0.03201065 90 68 131 137
person 0.03600432 186 89 263 180
person 0.05368621 301 59 339 88
person 0.45247543 109 67 177 127
person 0.46461987 195 85 236 152
person 0.8185933 360 72 437 195
motorbike 0.0056015947 371 87 453 214
motorbike 0.0070244265 301 59 339 88
motorbike 0.009802329 314 76 433 190
motorbike 0.039879203 109 67 177 127
motorbike 0.04057716 83 79 166 147
motorbike 0.08167303 201 89 272 182
motorbike 0.10740277 193 86 254 147
motorbike 0.78707796 37 83 162 171
motorbike 0.93157655 122 101 273 196
motorbike 0.99950045 275 109 461 225
car 0.0063925064 7 42 81 78
car 0.010210781 48 65 97 83
car 0.010492016 106 59 180 108
car 0.097856276 4 46 64 66
bus 0.015657745 4 46 64 66
boat 0.011977084 4 46 64 66
