pottedplant 0.0069980468 11 178 179 283
pottedplant 0.007612522 0 244 11 294
pottedplant 0.013544174 50 195 130 239
pottedplant 0.013568426 0 263 11 313
pottedplant 0.020794453 12 240 35 279
pottedplant 0.022110227 1 270 24 306
pottedplant 0.026212221 3 240 43 303
pottedplant 0.028937127 14 88 244 282
pottedplant 0.22788139 39 216 82 290
pottedplant 0.64735746 34 63 187 158
person 0.005176198 472 221 482 242
person 0.005225225 92 199 129 274
person 0.0077161267 458 177 496 254
person 0.010369148 450 222 464 256
person 0.01107904 1 243 24 308
person 0.014362184 432 222 461 289
person 0.054834846 0 244 11 294
person 0.06904985 116 209 140 292
person 0.28413668 127 209 153 299
person 0.34693062 76 262 102 298
person 0.88348 361 191 435 360
aeroplane 0.006630852 458 177 496 254
aeroplane 0.0077993474 14 88 244 282
aeroplane 0.008182547 439 140 500 256
aeroplane 0.12327624 231 106 493 328
aeroplane 0.6111899 9 58 496 314
