train 0.011274944 40 130 235 222
pottedplant 0.006761498 382 168 416 199
person 0.005548186 378 180 388 204
person 0.012272738 492 177 500 227
person 0.12703426 380 176 394 208
car 0.0051804823 493 177 499 209
car 0.006278289 322 193 343 206
car 0.0066587254 236 176 257 208
car 0.008372411 2 173 11 232
car 0.008455644 305 190 324 203
car 0.009018859 254 180 295 203
car 0.020106297 292 185 331 204
car 0.02793915 311 184 349 206
car 0.03514224 492 177 500 227
bus 0.00891088 121 137 281 205
bus 0.028848015 4 146 90 190
bus 0.03043281 0 135 93 170
bus 0.9500264 40 130 235 222
bicycle 0.010288843 40 199 137 260
bicycle 0.011510636 90 201 188 256
bicycle 0.019335633 318 256 365 281
bicycle 0.026923629 352 215 391 281
bicycle 0.05342803 329 218 482 281
bicycle 0.24528849 410 217 490 280
bicycle 0.47380465 314 219 399 281
bicycle 0.5298082 48 213 194 277
bicycle 0.62965703 216 213 348 281
