tvmonitor 0.008542682 264 167 340 217
sofa 0.028557703 143 122 357 333
pottedplant 0.007774185 476 189 500 230
pottedplant 0.018434288 474 171 499 253
person 0.0052065873 419 296 489 333
person 0.0053434107 475 304 499 333
person 0.00577915 1 135 17 293
person 0.0073576393 1 213 22 330
person 0.008120921 493 310 500 333
person 0.008696141 455 306 490 333
person 0.01158267 490 294 500 333
person 0.048273247 11 220 249 333
person 0.42463422 459 298 494 333
person 0.7370718 9 220 129 325
person 0.7795154 445 299 470 332
person 0.9991179 140 71 370 333
diningtable 0.0081401905 143 122 357 333
chair 0.1913213 103 135 326 333
cat 0.029405793 143 122 357 333
