sofa 0.0058856267 0 191 57 248
person 0.0051690764 110 195 179 320
person 0.0059637 245 233 316 354
person 0.006099522 0 167 7 195
person 0.0065035406 1 152 7 179
person 0.00819014 2 139 22 218
person 0.008875149 0 152 7 230
person 0.0104487 0 171 59 229
person 0.012001996 4 184 49 255
person 0.013135865 25 186 61 249
person 0.030853905 1 175 108 273
person 0.030938469 116 165 174 228
person 0.03653018 0 177 25 260
person 0.04665107 50 181 219 361
person 0.07136062 0 155 11 192
person 0.09432795 2 159 24 188
person 0.1323767 49 171 118 224
person 0.15049146 44 209 159 335
person 0.25484467 249 183 337 330
person 0.31896362 149 185 246 358
person 0.41718256 247 184 316 253
diningtable 0.008059559 15 219 79 284
diningtable 0.008470114 117 186 246 343
diningtable 0.009111857 1 199 28 269
diningtable 0.009839028 1 175 108 273
diningtable 0.07870268 58 201 195 334
diningtable 0.103698455 172 255 317 375
diningtable 0.12562801 1 205 56 266
chair 0.0059965416 226 292 297 370
chair 0.007524222 1 208 26 287
chair 0.010561026 277 295 351 368
chair 0.010734408 25 186 61 249
chair 0.011104768 83 225 161 289
chair 0.013920279 260 274 341 348
chair 0.015161031 28 211 54 248
chair 0.018657658 10 221 36 261
chair 0.025281878 254 264 298 360
chair 0.029843502 46 222 127 291
chair 0.05416725 0 177 25 260
chair 0.07923113 59 240 150 304
chair 0.085104436 0 213 12 267
chair 0.09307627 162 257 242 370
chair 0.118269116 30 218 69 289
chair 0.17104949 42 232 84 315
chair 0.18930922 239 245 348 371
chair 0.4152219 172 255 317 375
chair 0.43375537 48 232 155 354
chair 0.5695307 4 201 47 272
car 0.008123991 0 162 30 187
bicycle 0.009661027 239 245 348 371
bicycle 0.03299962 172 255 317 375
