person 0.006525375 219 171 230 192
person 0.006591399 494 161 500 243
person 0.0068360763 364 162 374 181
person 0.007515223 104 163 145 238
person 0.009178328 39 191 53 231
person 0.01784945 342 176 469 284
person 0.021123832 361 161 376 202
person 0.03053792 0 194 7 266
person 0.033378843 95 192 111 231
person 0.6469543 358 155 444 362
car 0.0063103936 2 161 41 187
car 0.006840047 67 165 186 204
car 0.0070714126 164 166 211 179
car 0.007645408 174 179 219 205
car 0.00838062 9 164 120 203
car 0.008906498 339 167 362 178
car 0.009151136 186 170 228 194
car 0.010650618 70 169 96 198
car 0.014315119 342 176 469 284
car 0.016659068 186 167 206 177
car 0.020262651 494 169 500 254
car 0.023026885 329 165 372 181
car 0.023847096 64 173 153 222
car 0.0534233 0 190 9 254
car 0.068224534 136 179 223 220
car 0.19004877 0 170 94 222
car 0.56054616 0 165 41 229
car 0.9087574 414 171 493 236
car 0.9378557 90 172 193 229
car 0.999205 117 169 378 352
