person 0.0051610703 470 125 482 140
person 0.0054914053 13 210 37 298
person 0.007552992 3 162 18 276
person 0.008217027 1 204 6 239
person 0.00829532 489 175 500 230
person 0.008313685 26 251 44 306
person 0.010342077 473 186 495 222
person 0.010461064 18 231 45 315
person 0.029687673 7 202 20 262
person 0.037806317 16 203 30 261
person 0.04355599 466 190 488 220
person 0.072790466 1 197 9 284
person 0.108877316 0 228 8 310
person 0.30313256 1 202 16 303
car 0.0052240645 198 201 251 224
car 0.0055296654 7 202 20 262
car 0.006574764 489 175 500 230
car 0.0075896326 124 213 137 230
car 0.010124835 281 201 325 222
car 0.011674026 0 228 8 310
car 0.013062124 130 206 148 234
car 0.013805328 1 202 16 303
car 0.013945892 461 191 493 219
car 0.0148796495 1 197 9 266
car 0.0155072 190 207 238 235
car 0.016698128 302 205 362 223
car 0.03507327 177 211 263 248
car 0.047850937 154 201 198 225
car 0.15007924 277 202 365 241
car 0.51598483 179 213 219 244
car 0.5179231 215 205 334 261
car 0.8058269 133 205 184 238
car 0.99063736 380 185 499 281
bus 0.010554036 3 162 18 276
bus 0.01108226 383 133 499 250
bus 0.017022025 313 114 486 206
bus 0.5161788 432 100 499 218
bus 0.64493626 26 133 116 248
bus 0.98386073 248 120 423 231
