person 0.005039783 129 167 147 184
person 0.0069820792 18 170 28 196
person 0.011188135 11 148 45 208
person 0.012084413 6 164 48 231
person 0.012721582 1 154 26 192
person 0.013907374 0 148 10 197
person 0.013940022 113 167 148 218
person 0.014915595 14 155 32 192
person 0.01651081 113 168 132 195
person 0.021271026 32 167 103 223
person 0.025939956 20 146 42 183
person 0.061609827 90 170 110 196
person 0.065415025 62 170 101 197
person 0.071972385 38 173 86 196
person 0.12839958 151 171 170 198
person 0.22359529 119 164 142 197
person 0.56751317 127 167 150 197
boat 0.009639799 40 197 172 231
boat 0.010983974 6 164 48 231
boat 0.01179741 38 173 86 196
boat 0.014443721 32 167 103 223
boat 0.9988911 0 1 242 229
