person 0.0058254274 144 112 276 223
person 0.0067827743 1 0 25 333
person 0.0076632667 224 100 256 207
person 0.007962086 232 97 255 130
person 0.03121193 228 200 266 274
person 0.053417567 466 50 491 189
person 0.71959275 224 189 270 325
person 0.7646237 476 35 499 205
person 0.84082186 155 84 256 329
person 0.9945631 0 53 111 330
person 0.9976485 255 42 311 192
car 0.0052748495 457 66 474 103
car 0.005472486 409 71 429 101
car 0.006167635 408 71 450 98
car 0.007866011 1 47 10 119
car 0.010837856 201 74 275 116
car 0.033977818 223 66 265 88
car 0.036486283 0 52 134 147
car 0.21856894 142 60 256 106
car 0.71296185 110 58 247 139
car 0.7720031 31 65 223 164
