sofa 0.005231462 437 122 499 375
sofa 0.17267358 7 0 294 346
sofa 0.20170756 346 8 479 118
pottedplant 0.018215114 435 17 471 72
person 0.010151333 437 31 498 360
person 0.049626864 438 65 500 214
person 0.07432367 417 34 488 165
dog 0.021016596 438 65 500 214
dog 0.038675554 417 34 488 165
chair 0.011516087 346 8 479 118
chair 0.011826704 414 19 487 149
chair 0.033010963 437 122 499 375
chair 0.99476814 10 30 321 375
cat 0.005600138 435 17 471 72
cat 0.013862067 417 34 488 165
bottle 0.010338334 299 0 308 15
bottle 0.013961671 281 0 291 15
bottle 0.0199051 442 13 460 62
bottle 0.03042336 286 0 297 15
