person 0.005362958 117 48 146 153
bottle 0.005072899 120 48 145 98
bottle 0.007249633 66 46 89 132
bottle 0.00812799 256 34 360 165
bottle 0.04412871 116 215 149 291
bottle 0.055150885 53 48 80 132
bottle 0.07997565 213 303 243 363
bottle 0.18139687 153 206 180 283
bottle 0.23552883 275 213 305 279
bottle 0.27611664 294 51 328 156
bottle 0.3573084 86 49 116 131
bottle 0.76243967 247 210 275 282
bottle 0.8392232 213 209 243 285
bottle 0.83938783 311 50 344 154
bottle 0.88857466 243 53 280 153
bottle 0.9386271 183 205 211 285
bottle 0.96228576 210 53 250 152
bottle 0.9624574 279 52 316 150
bottle 0.9647383 117 48 146 153
bottle 0.9911114 151 49 182 151
bottle 0.9940553 181 50 215 153
