pottedplant 0.0069022486 163 180 178 222
pottedplant 0.008148134 424 131 470 223
pottedplant 0.012522196 415 286 454 325
pottedplant 0.021846429 406 103 470 251
pottedplant 0.024706531 313 0 497 306
pottedplant 0.034909815 403 203 447 241
pottedplant 0.036493745 395 196 466 325
pottedplant 0.28707677 452 264 486 327
pottedplant 0.5166804 1 269 83 329
pottedplant 0.7489607 399 267 470 324
person 0.0057006953 233 124 288 348
person 0.01431999 302 161 344 230
person 0.018682094 318 167 341 217
person 0.020809786 395 196 466 325
person 0.8344768 78 120 172 375
person 0.94081396 256 149 338 353
person 0.9456015 320 136 404 330
person 0.97029227 169 114 273 375
diningtable 0.046345744 177 317 476 375
