sheep 0.0051284553 129 181 207 223
sheep 0.00550906 467 105 488 115
sheep 0.0062064845 312 96 330 106
sheep 0.014105005 150 152 204 178
sheep 0.028251506 218 162 258 200
sheep 0.03922985 178 162 234 183
sheep 0.18979609 140 148 179 183
sheep 0.21227528 195 76 213 87
sheep 0.5413462 308 88 334 104
sheep 0.6844777 137 153 225 187
sheep 0.7659777 148 172 256 226
sheep 0.8560493 462 97 493 115
horse 0.02295141 308 88 334 104
dog 0.05421467 306 87 334 105
cow 0.009303107 462 97 493 115
cow 0.028310679 195 75 215 86
cow 0.374905 308 88 334 104
bird 0.019132854 308 88 334 104
bird 0.9953109 432 259 494 344
