person 0.006314087 28 189 107 230
person 0.006973329 477 163 497 230
person 0.008700196 89 152 113 195
person 0.009551169 204 124 278 193
person 0.018140009 490 167 498 231
person 0.025276352 68 157 88 202
person 0.06255364 190 139 309 225
person 0.07812351 39 164 100 221
person 0.111222945 432 180 456 221
person 0.14575875 133 152 162 225
person 0.19635244 345 160 377 223
person 0.66568947 407 163 434 221
person 0.68296653 456 170 488 226
person 0.7534632 85 157 120 226
person 0.815709 56 153 89 212
person 0.9121763 357 163 388 220
person 0.99687326 223 107 259 212
horse 0.9912325 185 148 315 240
car 0.0063676466 74 165 134 223
