tvmonitor 0.015800335 445 252 496 373
sofa 0.21274117 213 151 366 299
sofa 0.989517 207 129 452 345
person 0.08899356 213 151 366 299
person 0.9018854 40 62 119 255
person 0.9861863 292 108 443 365
diningtable 0.0068645366 161 134 246 217
chair 0.005441865 213 151 366 299
chair 0.007835783 281 133 449 364
chair 0.03517279 157 133 247 190
chair 0.1725563 42 81 121 263
chair 0.4697189 186 138 247 226
chair 0.56479055 156 127 204 225
bottle 0.01112515 448 210 468 252
bottle 0.014211184 459 208 474 251
bottle 0.08436196 470 205 487 253
