diningtable 0.9991065 66 175 423 372
chair 0.0050809304 266 170 292 262
chair 0.005087348 161 158 198 237
chair 0.008829419 0 202 411 375
chair 0.010937395 1 195 92 361
chair 0.012555048 287 170 445 375
chair 0.014547074 317 178 392 325
chair 0.03104506 443 200 499 349
chair 0.053330876 83 174 166 294
chair 0.07478869 58 314 291 375
chair 0.215538 396 197 465 351
chair 0.25201538 140 160 185 236
chair 0.7845654 5 209 185 375
chair 0.8178638 369 238 491 375
chair 0.8978466 323 164 384 227
bottle 0.0062567536 266 170 292 262
bottle 0.008601512 209 194 227 248
bottle 0.05714339 192 192 219 270
bottle 0.065589935 248 174 271 263
bottle 0.18329954 228 176 255 266
