sheep 0.0056373775 6 214 96 286
person 0.0054477244 24 107 165 221
person 0.008028072 170 0 401 85
dog 0.013747122 104 197 265 361
dog 0.020466672 4 192 90 245
dog 0.06148863 22 169 152 277
dog 0.59233445 2 210 96 269
dog 0.93040603 25 108 164 239
cat 0.009032738 2 210 96 269
cat 0.011546231 171 0 336 81
bird 0.0064639607 9 206 110 296
bird 0.0072669685 343 87 407 234
bird 0.008010718 371 83 408 155
bird 0.010232246 345 2 471 223
bird 0.017606433 22 169 152 277
bird 0.04907014 391 106 465 175
bird 0.07178162 352 75 397 157
bird 0.09582774 24 107 165 221
bird 0.56509084 373 113 454 232
bird 0.9716915 279 118 330 225
bird 0.9950005 104 204 267 371
bird 0.9979799 253 216 399 375
