sofa 0.009310999 443 249 499 371
person 0.07210225 90 97 155 221
person 0.07889389 33 106 99 246
person 0.087328404 0 209 23 337
person 0.09556988 297 106 339 175
person 0.16757473 302 111 370 244
person 0.2655158 61 105 99 173
person 0.31875944 15 112 83 323
person 0.6018447 104 82 151 161
person 0.6101594 71 126 142 273
person 0.6658467 336 101 383 225
person 0.8264545 124 159 168 242
person 0.84237766 287 110 346 215
person 0.9216212 154 106 199 204
person 0.9408552 173 160 224 246
person 0.9443746 318 156 381 267
person 0.977178 215 163 268 244
person 0.9811877 265 168 321 251
person 0.9898776 191 98 235 191
person 0.9924767 368 113 449 246
person 0.9945253 230 99 291 210
diningtable 0.007753915 345 216 475 321
diningtable 0.012972042 419 232 492 360
diningtable 0.9962754 74 241 452 375
chair 0.009384249 1 220 21 361
chair 0.010761007 474 254 499 370
chair 0.012595736 414 236 489 307
chair 0.013582987 454 238 497 314
chair 0.036502227 384 232 486 364
chair 0.19353977 443 249 499 371
