tvmonitor 0.005775758 189 13 223 44
tvmonitor 0.007811272 353 69 421 136
tvmonitor 0.012918249 108 48 179 109
sofa 0.01670853 11 128 500 375
pottedplant 0.011459489 302 0 335 58
person 0.005352037 0 0 6 75
person 0.0056220633 182 13 215 46
person 0.006397238 0 11 19 114
person 0.0076696645 219 23 255 98
person 0.010164684 476 18 500 104
person 0.010772013 52 0 85 56
person 0.01672984 134 6 163 38
person 0.020051822 109 10 182 113
person 0.02149454 451 16 494 79
person 0.022851944 490 17 500 78
person 0.025609346 220 21 236 40
person 0.03741226 299 5 335 78
person 0.05594693 118 5 178 49
person 0.06018916 218 20 238 54
person 0.12562922 157 4 182 38
person 0.25255826 434 19 498 137
person 0.73621 251 6 315 78
person 0.9993454 162 75 500 375
person 0.9994169 22 72 257 369
motorbike 0.008353394 139 122 500 374
diningtable 0.0065159793 54 65 201 169
diningtable 0.0072294497 436 68 500 204
diningtable 0.00796286 218 136 500 375
diningtable 0.022974618 27 81 480 375
diningtable 0.07769661 30 85 166 197
diningtable 0.21118988 21 62 253 338
chair 0.005622061 438 71 475 174
chair 0.0083448235 439 127 500 189
chair 0.009006743 389 92 499 208
chair 0.009259026 446 98 500 261
chair 0.009989828 2 77 105 361
chair 0.012167014 108 48 179 109
chair 0.012717616 476 109 499 210
chair 0.013593243 18 123 255 375
chair 0.017520312 436 69 498 131
chair 0.01913638 3 83 113 214
chair 0.019642355 0 55 15 262
chair 0.03120593 421 24 496 134
chair 0.14582017 218 136 500 375
chair 0.20915744 0 66 62 254
chair 0.246221 353 69 421 136
chair 0.28802553 432 52 500 193
car 0.005031472 62 115 500 375
bottle 0.0053383294 489 59 498 135
boat 0.015094323 139 122 500 374
