person 0.0062533417 273 128 458 270
person 0.006289532 335 148 373 214
person 0.006355632 0 191 7 215
person 0.007458316 205 151 229 191
person 0.009295017 189 145 208 183
person 0.009726442 133 147 202 198
person 0.010325899 166 133 189 177
person 0.010544443 176 141 198 186
person 0.011363719 12 200 31 234
person 0.0114901345 197 145 216 184
person 0.013591594 164 136 233 190
person 0.054461055 243 254 281 325
person 0.080448516 213 143 235 187
person 0.13444304 201 144 239 207
person 0.44520944 6 191 28 230
person 0.76842546 158 132 198 192
horse 0.0054047247 29 66 477 319
horse 0.0063938443 25 174 295 308
horse 0.024161378 147 146 219 198
horse 0.07034027 201 144 239 207
horse 0.96871114 254 127 468 315
cow 0.0066645592 201 144 239 207
car 0.010438765 147 146 219 198
car 0.010865371 2 193 31 229
car 0.9973695 15 199 274 309
