tvmonitor 0.005306636 226 317 296 371
tvmonitor 0.0069994708 134 326 230 375
person 0.0056624254 377 230 419 319
person 0.006327659 0 79 26 353
person 0.0072649773 0 87 146 294
person 0.0074687223 433 202 499 348
person 0.007512212 168 135 189 171
person 0.007521381 150 126 185 160
person 0.008778703 106 106 132 142
person 0.013042756 19 156 157 270
person 0.017982299 0 131 14 301
person 0.05939358 412 199 494 267
person 0.11526157 92 105 131 165
person 0.1206176 96 102 121 145
person 0.1745642 408 217 451 292
person 0.21049285 382 220 445 336
person 0.4228219 339 224 418 361
person 0.5194358 72 117 188 243
person 0.68510216 381 236 495 373
person 0.9571149 156 132 277 240
chair 0.2210159 134 326 230 375
bottle 0.006012652 79 131 88 155
bottle 0.074712195 134 326 230 375
bottle 0.28749895 226 317 296 371
