person 0.012679479 30 221 77 253
person 0.039951086 323 210 342 238
person 0.2326701 135 211 151 270
car 0.006680331 30 213 93 235
car 0.009817891 334 192 409 237
car 0.010845903 16 219 58 239
car 0.02662924 268 190 399 239
car 0.07405979 139 194 221 246
car 0.102332845 51 218 107 242
car 0.31272355 455 205 499 240
car 0.53715014 22 218 83 244
car 0.96581256 386 207 454 253
bus 0.007032838 453 212 500 242
bus 0.024471885 334 192 409 237
bus 0.033513617 383 200 453 249
bus 0.037841845 139 194 221 246
bus 0.5488019 268 190 399 239
