pottedplant 0.014636324 269 301 291 349
pottedplant 0.01912159 174 188 217 250
pottedplant 0.02179247 213 321 232 363
pottedplant 0.02206907 200 349 221 392
pottedplant 0.023890443 160 176 231 237
pottedplant 0.027500011 71 169 121 208
pottedplant 0.033500154 242 226 303 365
pottedplant 0.047342446 179 327 215 392
pottedplant 0.05083776 196 346 232 405
pottedplant 0.052369785 0 103 19 156
pottedplant 0.054367922 86 111 222 223
pottedplant 0.06561754 177 321 203 361
pottedplant 0.0671788 259 297 289 370
pottedplant 0.07038917 211 340 231 384
pottedplant 0.19760248 254 319 270 363
pottedplant 0.20855686 173 223 211 253
pottedplant 0.21036072 70 108 129 214
pottedplant 0.6819471 0 98 24 193
pottedplant 0.749667 180 281 217 350
pottedplant 0.85876316 12 113 81 203
diningtable 0.007736421 179 339 217 411
diningtable 0.023288814 196 346 232 405
chair 0.005182018 170 352 202 429
chair 0.0056212167 223 355 238 401
chair 0.0073286765 191 356 213 404
chair 0.010289071 239 347 256 391
chair 0.016247286 217 346 245 399
chair 0.05961766 232 347 249 391
chair 0.07283098 168 326 227 428
chair 0.34405082 196 346 232 405
chair 0.81036234 179 339 217 411
car 0.05077253 358 228 374 262
