diningtable 0.0052690287 202 152 366 293
diningtable 0.027184337 128 147 296 305
diningtable 0.9934994 99 161 399 353
chair 0.005413682 242 130 318 303
chair 0.009295558 310 157 353 193
chair 0.009934937 139 133 219 267
chair 0.019795608 165 141 206 166
chair 0.060140554 202 152 366 293
chair 0.08070375 140 126 219 166
chair 0.090555504 203 147 277 319
chair 0.107859954 146 139 192 166
chair 0.531537 122 155 312 325
chair 0.64356995 281 136 354 295
chair 0.65575135 112 170 211 331
chair 0.99866337 275 230 432 371
