sofa 0.013149511 173 286 475 343
sofa 0.98721087 111 235 392 335
pottedplant 0.0058250534 210 236 221 251
pottedplant 0.008459165 218 235 232 251
pottedplant 0.010151181 287 257 376 307
pottedplant 0.014337378 299 270 346 304
pottedplant 0.018472953 433 234 454 262
pottedplant 0.021723365 202 230 212 252
pottedplant 0.038231175 198 226 217 254
pottedplant 0.059355866 208 226 226 252
pottedplant 0.14409865 213 225 256 251
pottedplant 0.7164562 215 224 234 252
person 0.0050617806 492 180 499 275
person 0.009396762 483 169 500 275
diningtable 0.008159972 417 248 494 307
diningtable 0.013431271 230 291 497 342
chair 0.0052753617 491 216 499 297
chair 0.006719466 474 233 497 327
chair 0.008480393 287 257 376 307
chair 0.046463147 452 248 499 315
bottle 0.0072442964 42 302 57 346
