person 0.98982894 233 85 297 312
person 0.99044335 89 71 151 310
person 0.9926653 390 96 448 320
diningtable 0.012228418 149 184 218 249
diningtable 0.13748148 160 185 235 293
chair 0.0075743315 91 100 151 314
chair 0.010123031 178 193 224 280
chair 0.022482915 149 184 218 249
chair 0.02819891 296 140 330 253
chair 0.07400842 147 171 181 257
chair 0.10615931 238 143 307 309
chair 0.29892412 204 186 243 276
chair 0.96678174 147 197 220 299
chair 0.9705767 325 164 392 296
chair 0.9929203 28 182 98 293
