person 0.005174749 1 124 9 203
person 0.014385728 371 238 408 282
person 0.049029514 391 241 408 275
person 0.58105844 102 234 191 375
person 0.7190543 379 236 395 285
motorbike 0.0058321976 391 241 408 275
car 0.010965306 415 238 439 266
car 0.013353938 431 242 443 261
car 0.01800249 392 234 409 272
car 0.019693056 184 250 231 284
car 0.029541101 85 245 135 277
car 0.035118364 284 244 302 278
car 0.037817772 206 243 243 278
car 0.038650252 361 244 382 277
car 0.052748982 102 254 139 286
car 0.09727649 364 241 399 280
car 0.11902035 284 245 326 277
car 0.1314204 320 248 342 277
car 0.29782388 244 242 299 281
car 0.49316636 165 251 205 285
car 0.6113436 399 241 437 271
car 0.6721201 49 243 118 289
car 0.6867846 330 247 372 277
car 0.85403794 299 246 343 279
car 0.904234 168 232 235 288
car 0.93527025 1 228 68 296
