pottedplant 0.03388241 30 78 62 130
person 0.0116798 306 75 319 115
person 0.01440797 136 80 181 115
person 0.015693225 341 87 360 142
person 0.016778463 314 71 331 106
person 0.017844448 479 43 500 159
person 0.019885296 306 74 316 97
person 0.032302987 352 88 370 143
person 0.07432747 176 78 192 112
person 0.13582657 72 88 98 127
person 0.18827806 312 74 336 138
person 0.22759618 353 80 384 153
person 0.46030378 452 51 492 259
person 0.5032746 95 84 122 122
person 0.627156 123 78 159 121
person 0.68675697 341 78 371 156
person 0.6965583 165 77 188 115
person 0.7038 322 76 352 152
person 0.7152605 470 57 500 256
person 0.7383107 434 50 481 193
person 0.80090356 416 67 444 144
car 0.0074768285 1 92 10 119
car 0.007484757 0 76 20 116
car 0.009324106 319 88 389 148
car 0.020374158 3 103 63 251
car 0.031787705 1 84 13 126
car 0.03678247 301 62 429 150
car 0.056556262 358 87 424 147
car 0.62400883 3 112 62 173
car 0.9999974 4 88 494 368
