person 0.005044012 368 261 375 284
person 0.0051043234 61 257 78 289
person 0.006426516 216 243 226 268
person 0.013555885 363 258 373 285
person 0.036261894 358 250 374 280
person 0.040057182 31 260 44 289
car 0.005539539 347 244 368 267
car 0.006095976 312 250 320 264
car 0.007528401 319 249 334 264
car 0.007798381 302 250 315 278
car 0.018019285 318 243 354 272
car 0.021394774 358 250 374 280
car 0.024954395 312 255 322 275
car 0.025889097 328 256 342 274
car 0.048934363 304 250 314 264
car 0.050048977 324 250 369 275
car 0.05126733 351 248 363 262
car 0.053925633 304 255 313 272
car 0.5317608 317 251 338 276
bus 0.027262567 317 242 338 274
bus 0.99966204 156 179 306 320
