train 0.028750587 67 141 191 191
train 0.03139457 69 120 271 190
person 0.0053067757 341 150 363 180
person 0.005939228 346 156 358 173
person 0.0075422702 371 147 386 182
person 0.00788766 201 174 214 193
person 0.010185102 269 166 281 184
person 0.023020891 409 156 425 186
person 0.039956197 209 158 224 194
car 0.005026712 188 161 224 190
car 0.005505267 77 178 91 193
car 0.005827998 493 150 499 180
car 0.008211756 449 156 498 188
car 0.014778161 409 152 425 183
car 0.015339554 402 158 415 174
car 0.017882131 177 169 216 192
car 0.021341838 300 164 326 188
car 0.02278196 80 175 123 194
car 0.023935542 326 162 374 188
car 0.0275903 479 149 495 186
car 0.028623166 236 164 276 187
car 0.038375884 491 149 500 197
car 0.040179115 340 171 384 192
car 0.0660405 0 177 13 193
car 0.08028287 316 169 361 190
car 0.08370989 0 178 30 195
car 0.75586766 295 164 349 190
car 0.7914523 425 147 491 189
bus 0.0052479217 431 147 496 190
bus 0.01434181 168 142 238 189
bus 0.017361967 69 120 271 190
bus 0.137087 67 141 191 191
