train 0.14421639 28 103 259 262
person 0.005383042 387 198 409 233
person 0.006193184 360 200 382 230
person 0.043287177 377 199 399 230
person 0.054830525 369 200 390 230
motorbike 0.011070096 330 209 377 237
motorbike 0.034936048 360 201 400 231
motorbike 0.21680057 339 204 405 239
motorbike 0.2517108 366 209 411 236
chair 0.042622156 119 203 154 269
car 0.005846462 370 199 407 232
car 0.006094745 348 201 393 231
car 0.09961816 338 209 386 238
boat 0.03504082 28 103 259 262
bicycle 0.006277987 360 201 400 231
bicycle 0.031182084 342 209 396 236
bicycle 0.23658036 366 209 411 236
