person 0.0076651354 396 39 429 119
person 0.030464636 491 44 499 126
person 0.76239794 37 31 162 237
person 0.79470915 109 47 171 189
person 0.8604557 458 36 497 121
person 0.9725163 199 13 255 147
person 0.9998919 213 4 432 325
car 0.0053433427 427 45 468 70
car 0.010156263 159 53 197 79
bottle 0.0068030185 108 203 133 237
bicycle 0.007454603 488 65 499 124
bicycle 0.008759075 385 72 483 127
bicycle 0.009561973 51 142 127 214
bicycle 0.01046423 475 57 499 134
bicycle 0.011372765 458 36 497 121
bicycle 0.015209329 209 181 378 328
bicycle 0.021308444 36 104 167 229
bicycle 0.024162626 106 64 177 206
bicycle 0.026341334 468 153 500 334
bicycle 0.05065978 317 244 476 325
bicycle 0.07307684 110 124 183 185
bicycle 0.3817338 209 63 431 324
bicycle 0.5539071 197 94 254 214
bicycle 0.8500533 62 131 141 301
bicycle 0.9591194 225 237 432 323
bicycle 0.97552603 441 72 500 128
