person 0.0067049693 104 122 117 137
person 0.007374432 60 115 85 144
person 0.00798746 352 147 363 170
person 0.01664819 477 127 496 282
person 0.023139045 350 148 365 186
person 0.024670273 345 136 360 176
person 0.028344447 340 128 357 167
person 0.034641515 42 54 225 276
person 0.08383255 363 149 399 185
person 0.20942158 331 120 355 160
person 0.24316263 327 125 359 217
person 0.45839435 362 150 399 227
person 0.74297035 358 155 471 286
person 0.94868386 211 117 374 286
person 0.97768515 456 120 493 265
person 0.9962671 113 97 161 276
bus 0.005219236 5 125 25 169
bus 0.0052715815 14 87 109 188
bus 0.010013143 34 102 102 160
bus 0.17022215 30 76 166 206
bus 0.22085498 4 99 41 164
bus 0.9903199 36 47 235 236
