tvmonitor 0.005164343 481 144 499 290
tvmonitor 0.016192483 37 130 67 171
tvmonitor 0.77967423 0 175 82 255
pottedplant 0.0059970566 482 162 500 308
pottedplant 0.022588223 330 261 475 350
pottedplant 0.03047448 255 138 276 168
person 0.006005 479 202 499 308
person 0.01014722 472 234 498 352
diningtable 0.059361435 183 199 263 273
chair 0.011597509 479 202 499 308
chair 0.013153722 183 199 263 273
chair 0.017059196 459 284 499 373
chair 0.030175913 472 234 498 352
chair 0.5774094 148 191 185 288
bottle 0.0057452642 219 202 229 219
