tvmonitor 0.06252861 369 200 423 246
tvmonitor 0.282735 43 196 79 247
diningtable 0.007346616 283 235 382 346
diningtable 0.2567358 88 224 252 327
chair 0.006354857 127 210 163 298
chair 0.009173221 162 220 229 294
chair 0.01084719 23 202 45 242
chair 0.038008276 376 200 436 267
chair 0.10589005 38 194 83 269
chair 0.88718283 153 229 224 348
chair 0.9194054 81 226 158 347
chair 0.94605505 21 197 85 319
chair 0.9786485 370 209 443 332
chair 0.9854315 222 225 292 352
chair 0.99092275 297 227 368 350
