sofa 0.08689768 205 167 500 334
sofa 0.7425074 0 167 437 356
person 0.006184013 8 143 175 233
person 0.00888566 289 163 499 348
person 0.015480001 223 144 358 250
person 0.7581808 0 139 340 328
person 0.99227023 211 141 445 307
diningtable 0.0068668383 0 221 500 369
chair 0.01343467 208 149 379 298
chair 0.02516184 183 166 479 333
bottle 0.0097905435 315 333 394 373
bottle 0.012709916 416 295 491 364
bottle 0.024892878 412 253 449 359
bottle 0.36845565 424 272 468 357
bottle 0.99335414 392 247 437 365
