pottedplant 0.0072910176 433 88 498 150
pottedplant 0.30522865 410 79 467 137
person 0.2753857 91 123 266 375
person 0.99606705 252 4 390 359
diningtable 0.01953718 369 107 495 358
diningtable 0.0736362 221 90 361 366
diningtable 0.9294313 100 138 378 372
chair 0.009978464 0 105 360 375
chair 0.011499821 60 119 196 244
chair 0.036244184 252 69 387 371
chair 0.14068012 450 142 500 366
chair 0.21374506 33 98 173 367
chair 0.22335498 91 123 266 375
chair 0.5800282 56 234 208 375
chair 0.97114307 335 116 471 360
bottle 0.005017092 274 141 313 167
bottle 0.009366541 267 135 282 174
bottle 0.013133184 167 104 195 175
bottle 0.05367762 272 148 290 196
bottle 0.055480815 169 105 187 144
