sofa 0.015088358 361 62 498 291
sofa 0.01922084 135 113 302 310
sofa 0.030508975 311 133 467 312
sofa 0.14340252 101 103 229 319
pottedplant 0.007743714 105 46 141 118
person 0.0068065636 439 170 468 258
person 0.007960286 307 37 399 200
person 0.02158806 370 129 449 302
person 0.025610846 438 152 500 275
person 0.24946189 257 95 341 295
person 0.29136655 254 46 410 271
person 0.6894903 105 91 224 310
person 0.82133776 194 96 283 301
person 0.88590807 338 38 479 277
person 0.90398055 303 128 434 312
person 0.98275244 27 6 135 339
chair 0.0052787224 0 180 45 256
chair 0.005812363 365 128 500 257
chair 0.017576145 98 134 230 299
