train 0.0073508797 440 84 496 145
train 0.55384964 35 66 481 286
person 0.005671645 458 145 475 179
person 0.0061910283 185 169 223 230
person 0.008497624 38 226 69 248
person 0.009114065 58 230 68 246
person 0.0125462245 456 113 476 149
person 0.016183486 6 221 39 252
person 0.017222285 492 118 500 185
person 0.037085038 220 167 264 235
person 0.04164393 172 158 337 261
person 0.22319512 45 227 56 246
person 0.37811488 219 167 288 293
person 0.8510109 0 216 51 332
person 0.85153735 270 163 311 276
car 0.0054008295 492 119 498 144
car 0.0089683365 64 229 78 244
car 0.009020892 172 158 337 261
car 0.011788864 477 107 499 140
car 0.012075211 458 145 475 179
car 0.013669295 487 99 499 147
car 0.0146905705 61 225 100 252
car 0.020704404 437 147 477 178
car 0.02703706 43 71 470 320
car 0.03730004 438 78 496 132
bus 0.008227755 422 72 490 200
bus 0.019074196 451 100 489 175
bus 0.15079959 440 84 496 145
bus 0.8901556 106 71 462 269
bottle 0.005216685 45 227 56 246
bottle 0.008342361 438 78 496 132
boat 0.12117126 43 71 470 320
aeroplane 0.0055433307 85 74 432 274
