person 0.005063367 211 284 227 315
person 0.005993211 298 230 310 253
person 0.0074028876 6 190 20 207
person 0.008357908 0 189 9 210
motorbike 0.0070009716 290 263 327 295
cow 0.00564094 360 231 414 279
car 0.0061269915 470 145 500 166
car 0.0074860696 318 236 340 268
car 0.007837313 313 252 332 270
car 0.008788019 293 252 332 297
car 0.012276111 6 190 20 207
car 0.012293176 0 189 9 210
car 0.013409406 309 250 331 285
car 0.019628035 0 179 25 207
car 0.021568352 477 150 497 163
car 0.021933 302 263 326 294
car 0.19660252 431 199 476 229
car 0.2930133 307 245 339 273
car 0.5270088 360 231 414 279
car 0.6596418 237 290 293 328
car 0.95307463 280 267 325 297
bus 0.06828054 360 231 414 279
boat 0.048729494 429 201 469 227
