pottedplant 0.029076232 288 198 356 247
pottedplant 0.030468712 0 236 12 259
pottedplant 0.03378037 0 189 22 265
pottedplant 0.036587384 404 143 474 194
pottedplant 0.038276356 174 181 252 240
pottedplant 0.038937103 30 199 46 245
pottedplant 0.043332838 222 58 287 128
pottedplant 0.050064053 24 213 43 247
pottedplant 0.07554487 238 128 288 250
pottedplant 0.07702393 459 0 479 39
pottedplant 0.08813759 250 281 290 314
pottedplant 0.10809847 458 34 479 157
pottedplant 0.12069438 249 196 290 248
pottedplant 0.1489115 252 312 317 356
pottedplant 0.17040573 243 289 299 344
pottedplant 0.31868675 0 231 20 263
pottedplant 0.8117895 76 84 200 184
pottedplant 0.8448092 159 182 196 238
pottedplant 0.86093867 293 179 356 229
pottedplant 0.90802014 283 214 341 316
person 0.09099026 413 195 480 330
diningtable 0.0076622427 53 121 208 315
chair 0.0070998487 0 189 22 265
chair 0.008960942 174 181 252 240
chair 0.010073656 187 143 266 271
chair 0.016050866 8 133 117 243
chair 0.022353495 0 118 20 227
chair 0.5928989 19 148 140 300
bottle 0.0075352006 24 213 43 247
bottle 0.031969443 30 199 46 245
boat 0.0050036027 403 134 476 181
