pottedplant 0.005332538 227 232 239 278
pottedplant 0.0053606834 194 265 208 282
pottedplant 0.007240658 187 256 198 273
pottedplant 0.009325755 186 245 203 282
pottedplant 0.01643115 189 256 210 288
person 0.008321828 186 245 203 282
person 0.009143115 190 234 208 278
person 0.02783225 189 256 210 288
dog 0.0071815928 189 256 210 288
diningtable 0.0050584134 184 258 217 287
diningtable 0.007766437 176 249 211 279
chair 0.005252583 155 262 167 281
chair 0.005551662 227 232 239 278
chair 0.006833974 178 255 187 273
chair 0.007690904 194 265 208 282
chair 0.009638634 175 245 191 280
chair 0.010449262 190 234 208 278
chair 0.015437598 150 256 165 288
chair 0.022696666 187 256 198 273
chair 0.039069895 189 256 210 288
chair 0.04895039 186 245 203 282
chair 0.067908175 152 250 169 280
bottle 0.006630746 194 265 208 282
bottle 0.007723309 189 256 210 288
bottle 0.027590523 187 256 198 273
bottle 0.03689899 186 245 203 282
boat 0.0065127998 186 245 203 282
bicycle 0.0054090917 189 256 210 288
