tvmonitor 0.007494834 1 16 12 299
pottedplant 0.0055580684 224 144 267 173
pottedplant 0.01191461 261 134 288 169
pottedplant 0.015492601 17 234 44 307
pottedplant 0.04249493 0 255 22 329
pottedplant 0.067890674 226 126 268 164
pottedplant 0.18774323 0 265 14 313
pottedplant 0.18894503 27 233 46 282
pottedplant 0.2422825 34 236 88 283
pottedplant 0.47503117 282 77 340 134
pottedplant 0.51464427 93 186 142 241
pottedplant 0.99777156 148 150 205 204
bottle 0.0061239973 17 234 44 307
bottle 0.17277029 27 233 46 282
