tvmonitor 0.011204002 262 49 338 106
tvmonitor 0.018506525 353 325 500 372
person 0.009220869 0 139 25 252
person 0.009414284 170 120 208 151
person 0.010476397 1 112 14 375
person 0.0108163515 128 117 154 150
person 0.012253449 130 98 151 137
person 0.015602805 71 96 90 136
person 0.018948356 35 118 70 152
person 0.021580447 55 103 73 147
person 0.022853075 62 102 81 145
person 0.025185056 70 103 111 176
person 0.02589517 0 137 50 216
person 0.03378612 214 101 222 126
person 0.05825918 0 124 51 375
person 0.061263595 186 104 210 145
person 0.2735091 129 93 162 151
person 0.6822614 142 96 175 154
person 0.9564775 73 105 133 203
person 0.9688979 339 110 493 322
person 0.9691349 316 133 390 247
person 0.985233 13 145 154 375
diningtable 0.0067604394 353 325 500 372
diningtable 0.9979921 88 219 414 369
chair 0.006399683 325 326 500 375
chair 0.0068246257 129 151 202 206
chair 0.008227348 449 170 499 339
chair 0.010024773 316 149 389 239
chair 0.012705927 380 267 481 326
chair 0.0140975835 481 171 499 340
chair 0.033490006 377 165 402 202
chair 0.03368405 74 111 132 195
chair 0.049727008 350 324 482 372
chair 0.10850467 374 208 496 323
chair 0.6772796 345 289 500 375
bottle 0.0060537755 214 101 222 126
bottle 0.6862005 303 202 322 279
