person 0.008750708 38 138 46 167
person 0.008997354 123 121 137 140
person 0.00958028 296 92 330 151
person 0.009926821 1 120 10 147
person 0.011507786 133 122 146 141
person 0.011760999 171 118 185 130
person 0.012630026 4 134 18 188
person 0.013089549 288 113 301 128
person 0.013521027 295 116 307 131
person 0.014188864 143 121 155 142
person 0.014763142 102 123 118 138
person 0.02333614 18 127 31 175
person 0.024425823 4 124 20 164
person 0.026661273 112 121 127 140
person 0.030422518 1 118 11 168
person 0.035203476 312 103 332 143
person 0.03760427 25 122 44 165
person 0.054555118 0 121 16 199
person 0.10645948 34 123 50 164
person 0.19078271 1 138 11 205
motorbike 0.0050221365 1 149 11 212
chair 0.013511137 1 149 11 212
car 0.00503361 171 118 185 130
car 0.0075021116 62 123 150 166
car 0.015994297 1 149 11 212
car 0.1580242 66 135 187 174
car 0.9000312 76 122 253 188
car 0.9990585 64 132 484 303
bicycle 0.016120132 1 149 11 212
