tvmonitor 0.008203369 5 12 61 73
sheep 0.017006846 232 67 324 136
sheep 0.018345136 1 175 120 320
sheep 0.021256423 383 76 420 112
sheep 0.02239786 0 171 18 295
sheep 0.0260417 206 55 277 107
sheep 0.03291754 0 225 20 319
sheep 0.038593322 148 47 253 79
sheep 0.05164251 173 51 223 77
sheep 0.058697067 219 62 267 136
sheep 0.07386504 0 60 92 101
sheep 0.13154368 317 54 424 104
sheep 0.24290936 144 49 189 81
sheep 0.2522783 305 44 355 82
sheep 0.3147916 326 70 424 128
sheep 0.32665804 400 81 463 130
sheep 0.5347637 315 40 394 84
sheep 0.67688924 143 55 223 108
sheep 0.99325013 74 136 348 331
sheep 0.9989116 0 71 187 329
sheep 0.99971634 240 71 500 333
person 0.005180587 476 83 499 127
horse 0.00512517 296 117 494 333
chair 0.0070356107 296 117 494 333
