pottedplant 0.0057708034 1 268 25 359
pottedplant 0.010875434 0 297 10 357
pottedplant 0.013752508 0 309 31 347
pottedplant 0.014511123 180 275 220 351
pottedplant 0.16219313 156 322 213 373
pottedplant 0.1640529 153 259 219 375
person 0.0074370704 488 140 500 370
person 0.0108441645 331 141 386 254
person 0.013653864 293 183 311 222
person 0.32566783 341 142 380 205
person 0.6116157 149 104 249 366
person 0.6990533 316 185 405 365
person 0.7249809 400 144 497 372
person 0.9647318 220 129 335 373
chair 0.006254059 85 200 161 315
chair 0.007202048 439 250 497 375
car 0.0105705755 47 172 58 190
car 0.048587006 56 163 88 183
car 0.9024084 17 168 54 194
bottle 0.007399991 299 192 321 232
