person 0.016909111 163 88 180 131
person 0.01877146 143 92 160 124
person 0.028853202 134 92 152 125
person 0.029351579 22 92 34 108
person 0.033494405 97 95 109 107
person 0.0508222 39 92 51 109
person 0.05721154 189 86 208 132
person 0.07013299 137 93 148 114
person 0.070453554 180 88 198 133
person 0.092042364 113 86 131 114
person 0.09748357 220 82 240 118
person 0.13722801 127 92 139 114
person 0.14839469 106 86 124 115
person 0.24140012 51 92 63 108
person 0.24205044 154 89 172 128
person 0.26870126 199 79 227 132
person 0.37128222 57 91 70 106
person 0.63987094 28 86 47 113
person 0.68242794 173 85 190 135
person 0.971341 0 84 36 178
car 0.0051714187 1 134 193 367
car 0.9989829 15 104 212 193
car 0.99994755 0 108 333 465
