sofa 0.005319771 0 172 92 304
sofa 0.9858837 0 170 297 375
diningtable 0.0061826534 400 170 466 227
diningtable 0.01856509 422 183 480 281
diningtable 0.057548262 348 168 465 252
diningtable 0.07507229 372 163 442 231
chair 0.007125664 416 151 423 172
chair 0.007314161 413 168 446 230
chair 0.015209664 417 183 454 248
chair 0.15786 391 160 425 233
chair 0.30424947 422 186 474 277
chair 0.9981583 372 160 414 239
bottle 0.0054046637 433 151 446 192
bottle 0.0054224003 423 154 430 172
bottle 0.064147614 416 151 423 172
bottle 0.06958174 434 154 442 172
