person 0.007382558 0 64 9 126
person 0.008296021 2 60 61 253
person 0.018524954 48 25 123 139
person 0.022268225 7 50 131 302
person 0.13134444 102 64 138 126
person 0.32909614 85 57 119 118
person 0.6148766 47 42 119 241
person 0.876181 5 55 39 135
boat 0.0059001 178 176 258 217
boat 0.006520888 217 182 234 197
boat 0.008184304 210 180 261 202
boat 0.008623442 232 132 367 183
boat 0.02866104 214 62 307 108
boat 0.05967291 300 67 347 89
boat 0.0927168 359 147 399 180
boat 0.97045255 215 56 372 185
