sofa 0.014474034 320 115 397 195
sofa 0.029837584 89 161 333 213
pottedplant 0.0053538457 50 151 88 206
pottedplant 0.013580341 80 177 100 207
pottedplant 0.015920201 152 35 167 73
pottedplant 0.05307152 72 181 109 214
person 0.024949133 62 29 96 85
chair 0.006048671 110 176 252 209
chair 0.0062985225 48 151 114 205
chair 0.00690482 306 115 341 149
chair 0.010746055 299 111 382 168
chair 0.01248355 296 124 340 188
chair 0.01477628 245 135 345 184
chair 0.8900202 319 110 397 204
bottle 0.005343399 80 181 101 213
