person 0.011654046 65 207 113 297
person 0.01378577 156 178 211 227
person 0.014936805 427 178 453 224
person 0.015582867 103 181 147 281
person 0.101796605 118 181 159 254
person 0.17857638 236 187 283 258
person 0.5182428 217 200 299 269
person 0.890449 148 186 214 272
person 0.9398854 64 184 143 288
motorbike 0.008098534 43 229 156 311
car 0.006271875 449 107 500 123
car 0.017576724 425 104 470 121
bicycle 0.006173529 220 187 294 275
bicycle 0.100422025 103 226 187 289
bicycle 0.8251245 43 229 156 311
bicycle 0.85917866 189 214 302 286
bicycle 0.94327074 139 224 218 285
