tvmonitor 0.039124817 0 126 17 236
tvmonitor 0.98623735 239 131 326 196
person 0.0058339783 57 249 358 364
person 0.012575496 16 215 488 375
person 0.06188613 263 211 471 370
person 0.08138806 333 197 456 337
person 0.39264983 37 5 124 268
person 0.6710691 414 137 500 341
person 0.9975497 18 223 235 375
diningtable 0.0059325937 144 257 354 366
diningtable 0.036229555 66 220 286 316
diningtable 0.35098055 19 218 321 375
chair 0.005085417 391 141 500 361
chair 0.006165021 0 175 7 246
chair 0.025244795 335 182 417 244
chair 0.09877485 328 139 471 330
chair 0.109357625 0 127 50 312
chair 0.11183491 354 138 430 252
chair 0.16940343 2 146 22 327
chair 0.4888229 111 128 185 230
bottle 0.007224524 194 190 207 238
bottle 0.0076222583 154 217 182 286
bottle 0.015622868 155 213 167 266
bottle 0.015934397 225 197 248 270
bottle 0.020622894 162 218 172 239
bottle 0.022048626 303 211 321 251
bottle 0.026303584 177 195 196 282
bottle 0.02883088 249 203 270 273
bottle 0.035854332 208 197 230 271
bottle 0.055600565 159 212 174 267
bottle 0.22771682 218 202 234 255
bottle 0.5645252 256 220 273 259
bottle 0.6557665 319 285 339 333
bottle 0.7542488 191 194 209 280
