person 0.013754601 470 173 480 190
person 0.014410257 475 15 500 300
person 0.016056785 461 173 473 188
person 0.0958594 484 23 500 178
person 0.82102334 312 88 411 342
person 0.98432153 139 11 352 366
car 0.0055776415 484 23 500 178
car 0.0065635154 3 134 41 211
car 0.0069353157 430 179 500 243
car 0.009637047 329 106 412 288
car 0.024182493 0 166 26 214
car 0.2653505 386 141 498 242
car 0.4675126 29 140 116 223
bus 0.01138359 485 52 499 265
bus 0.012596985 373 131 409 226
bus 0.0136504 335 112 413 250
bus 0.03245226 475 15 500 300
bus 0.05668525 17 134 123 220
bus 0.29249883 1 110 43 205
bus 0.45448697 386 141 498 242
bottle 0.0052944007 147 58 352 369
boat 0.041434977 147 58 352 369
