tvmonitor 0.067549124 0 172 335 492
sofa 0.005624018 3 51 126 171
sofa 0.04151866 251 38 335 175
pottedplant 0.0071308166 272 33 335 99
pottedplant 0.024091693 203 35 237 94
pottedplant 0.03591449 134 40 253 176
pottedplant 0.066974185 254 27 335 157
pottedplant 0.3792609 9 196 321 463
person 0.0068200734 0 31 334 478
person 0.013715523 208 232 221 276
person 0.27235776 119 51 244 198
diningtable 0.0053223697 0 49 258 208
diningtable 0.005484341 253 55 335 183
diningtable 0.27018607 2 197 335 500
diningtable 0.29839742 125 53 259 192
chair 0.008353308 197 75 267 173
chair 0.037945885 119 51 244 198
chair 0.3776916 251 38 335 175
chair 0.8886536 9 61 142 198
bottle 0.005791482 9 196 321 463
bottle 0.013787665 180 207 198 260
bottle 0.022369869 208 232 221 276
boat 0.019498501 2 197 335 500
