person 0.005881832 25 269 34 296
person 0.011980501 329 221 362 290
person 0.013572492 76 262 93 305
person 0.9827586 89 268 135 362
person 0.9996037 38 257 92 413
car 0.005238531 156 261 174 286
car 0.0059586517 129 264 145 276
car 0.0069227596 187 259 201 275
car 0.0078088804 86 272 141 358
car 0.008327002 155 255 193 282
car 0.008425351 117 255 151 276
car 0.022928631 93 250 138 274
car 0.03355564 181 263 199 286
car 0.37626505 133 262 153 278
car 0.91418076 162 262 198 290
car 0.995417 214 277 372 426
