person 0.005111278 28 88 43 106
person 0.0058058132 60 86 84 124
person 0.006269675 51 87 87 149
person 0.0064211343 68 90 104 142
person 0.006575725 91 84 112 116
person 0.00986748 25 87 45 125
person 0.010206322 0 78 6 172
person 0.014128728 0 119 21 237
person 0.015301813 42 89 59 140
person 0.019847125 0 79 21 115
person 0.025042968 339 59 364 94
person 0.04843405 1 74 11 137
person 0.072734594 34 90 51 140
person 0.090510026 24 108 58 210
person 0.10447129 1 81 23 200
person 0.14217715 8 86 48 198
person 0.25609836 80 85 101 124
person 0.32783258 96 87 119 127
car 0.008498285 103 67 243 153
car 0.014924807 0 148 23 243
car 0.99999833 67 47 452 342
