pottedplant 0.007496943 172 106 183 126
pottedplant 0.01174083 60 137 84 174
pottedplant 0.016813414 170 100 187 130
pottedplant 0.01801962 252 121 295 145
pottedplant 0.98056096 343 38 414 153
person 0.0073244884 55 136 86 175
dog 0.10243442 60 137 84 174
chair 0.005666594 252 121 295 145
chair 0.009144689 170 100 187 130
cat 0.0053816424 48 134 122 175
cat 0.013438501 14 133 83 179
cat 0.0914824 52 134 85 175
bottle 0.0067197164 133 144 144 160
bottle 0.013278036 60 137 84 174
bird 0.015184671 52 134 85 175
