sofa 0.9860535 362 186 500 375
pottedplant 0.006509306 299 219 331 245
pottedplant 0.00920818 395 161 405 178
pottedplant 0.015846152 303 225 338 254
pottedplant 0.024284136 386 155 393 177
pottedplant 0.037286635 305 224 337 288
pottedplant 0.050599165 403 153 412 175
pottedplant 0.25799295 392 150 408 178
person 0.03450575 2 179 28 260
diningtable 0.013205609 1 288 116 375
diningtable 0.6175502 30 275 303 375
chair 0.027263887 1 288 116 375
bottle 0.019674625 386 155 393 177
bottle 0.023311267 392 150 408 178
bottle 0.04749751 403 153 412 175
