person 0.013412598 74 157 220 373
diningtable 0.053617325 75 153 248 374
diningtable 0.18138431 200 166 432 362
diningtable 0.9841212 21 134 414 375
chair 0.0051436042 146 131 210 153
chair 0.013074975 138 124 228 273
chair 0.016221793 479 150 499 286
chair 0.049925055 92 222 206 366
chair 0.095231004 233 119 329 276
chair 0.12936993 54 133 377 327
chair 0.3562139 153 118 242 153
chair 0.5213136 14 133 114 310
chair 0.54614824 345 161 437 342
chair 0.57212496 231 124 331 156
chair 0.87589484 75 153 248 374
chair 0.9679794 208 162 361 371
