tvmonitor 0.0059063155 148 197 183 239
person 0.0051509417 1 194 18 351
person 0.005998315 426 165 445 206
person 0.006066874 405 168 436 230
person 0.02624654 411 182 431 221
person 0.3374511 407 159 456 340
person 0.62271136 417 169 447 231
person 0.8992719 433 105 500 365
person 0.9755521 313 122 425 375
person 0.9915162 158 131 270 372
person 0.99846566 57 95 193 375
diningtable 0.011665649 2 210 61 338
diningtable 0.114957236 258 170 333 333
chair 0.006707549 224 161 295 316
chair 0.017993571 266 133 400 371
chair 0.021261938 1 194 18 351
chair 0.035874687 2 210 61 338
chair 0.31166196 258 170 333 333
