sheep 0.012018475 236 153 267 185
person 0.005069009 138 120 155 152
person 0.0050945464 142 126 152 142
person 0.008250107 231 135 261 179
person 0.016953548 235 130 255 157
person 0.017836796 140 132 151 153
person 0.022209948 234 129 240 143
person 0.023061564 156 124 165 144
person 0.03140069 162 125 172 143
person 0.03843196 153 120 169 152
person 0.04091542 155 138 167 164
person 0.046907973 238 133 251 149
person 0.15926453 233 131 242 150
person 0.38532284 133 130 152 156
person 0.94248074 156 126 173 164
motorbike 0.0076755024 233 131 242 150
motorbike 0.04136813 133 130 152 156
motorbike 0.4455238 156 133 173 164
horse 0.02516566 133 130 152 156
horse 0.04981319 156 133 173 164
cow 0.0056560733 236 153 267 185
cow 0.020216346 133 130 152 156
car 0.0070395013 144 128 177 160
car 0.035778504 131 129 166 156
boat 0.006018835 229 137 265 168
bicycle 0.005530123 131 129 166 156
bicycle 0.0067352196 231 133 262 156
bicycle 0.007342564 238 133 251 149
bicycle 0.009496008 133 141 148 156
bicycle 0.013192941 233 131 242 150
bicycle 0.08671726 156 133 173 164
