person 0.0084966 74 294 98 334
person 0.014363131 17 163 38 188
motorbike 0.15886754 169 143 372 341
motorbike 0.9941375 66 177 373 410
car 0.0050276136 20 166 36 189
car 0.005465187 16 166 60 186
car 0.005714782 100 160 152 182
car 0.014395032 264 143 358 180
car 0.016335366 27 165 130 206
car 0.016515454 92 159 277 247
car 0.02009252 11 156 43 186
car 0.022777215 0 171 20 200
car 0.028443173 103 166 165 190
car 0.04429148 116 168 242 206
car 0.06412787 1 163 83 206
car 0.06450566 282 147 335 167
car 0.071172476 74 145 375 351
car 0.096903734 46 161 89 180
car 0.157175 94 169 182 204
car 0.1577641 32 167 84 185
car 0.2061478 106 122 273 208
car 0.752152 0 164 36 190
car 0.91292125 224 149 371 336
car 0.99910754 0 178 211 298
boat 0.11738216 106 122 273 208
