person 0.006517238 8 203 35 334
person 0.009002828 1 170 50 299
person 0.009085396 16 198 30 260
person 0.03366009 35 198 52 256
person 0.03708354 26 182 56 257
person 0.17134003 1 180 23 329
person 0.61083233 15 186 45 281
motorbike 0.0074030687 1 245 25 334
horse 0.0071839546 0 163 31 334
horse 0.0072292066 13 192 40 306
cow 0.010468218 15 186 45 281
car 0.0058038277 43 178 81 201
car 0.0070735835 26 182 56 257
car 0.010080445 2 177 26 297
car 0.010784548 371 162 427 181
car 0.014166961 453 180 500 205
car 0.020696761 1 170 50 299
car 0.022694282 2 158 29 232
car 0.047697283 1 172 29 195
car 0.08220792 13 178 45 261
car 0.689007 454 185 500 234
car 0.9381105 30 184 112 248
bus 0.010629237 10 174 117 252
bus 0.99763596 98 76 348 263
