sheep 0.0051027075 310 282 353 336
sheep 0.0064880843 382 191 445 239
sheep 0.008670266 77 121 162 307
sheep 0.034788232 475 200 497 340
sheep 0.29758066 119 219 164 323
sheep 0.43984887 315 194 392 325
sheep 0.62031925 253 201 384 339
sheep 0.63038206 122 217 234 341
sheep 0.99276376 374 211 449 337
sheep 0.99524826 446 201 499 340
person 0.0053228936 354 120 430 197
person 0.0071543567 255 79 297 198
person 0.007209547 245 112 283 204
person 0.010826193 376 87 416 190
person 0.011122453 0 53 9 342
person 0.019531004 178 103 260 201
person 0.023491552 399 59 432 144
person 0.55039847 63 103 151 296
person 0.86170954 389 63 442 204
person 0.92092 255 62 338 203
person 0.94637847 5 74 76 328
person 0.9579959 333 65 421 203
person 0.97881174 213 68 272 204
cow 0.007652217 445 195 499 331
chair 0.20237848 171 115 238 199
