sofa 0.013723957 396 212 468 259
sofa 0.0138672395 470 216 497 291
pottedplant 0.009992617 131 177 150 210
person 0.009504549 6 177 44 208
person 0.024056526 1 165 13 215
person 0.21292838 0 167 22 201
diningtable 0.0065356996 257 205 332 264
diningtable 0.0075878836 323 209 385 270
diningtable 0.007599689 96 195 245 261
diningtable 0.008976355 107 213 239 307
diningtable 0.009448404 0 194 63 242
diningtable 0.011222638 127 220 198 276
diningtable 0.02603708 390 222 487 306
diningtable 0.028570797 112 213 168 270
diningtable 0.028586822 127 251 241 371
diningtable 0.05639065 142 212 218 264
diningtable 0.06963243 15 198 77 321
diningtable 0.09433562 148 282 348 372
diningtable 0.24536133 1 217 65 366
chair 0.02605963 408 217 451 295
chair 0.026282188 437 217 475 294
chair 0.029287703 380 206 415 237
chair 0.029640261 363 205 397 233
chair 0.030413851 298 249 421 361
chair 0.034476563 472 225 498 317
chair 0.0413702 0 223 22 363
chair 0.0418344 357 209 391 272
chair 0.0645783 474 219 497 263
chair 0.0712578 49 193 78 314
chair 0.07360378 257 205 332 264
chair 0.112239696 413 248 458 330
chair 0.18051803 458 215 495 292
chair 0.34436685 321 207 354 271
chair 0.49984756 150 280 262 375
chair 0.5058261 419 239 485 346
chair 0.6653118 12 202 74 348
chair 0.7481531 336 211 376 293
chair 0.8298751 372 218 409 299
chair 0.95871025 109 214 146 272
