sofa 0.011317872 39 142 220 373
pottedplant 0.016935589 320 2 386 40
person 0.019906333 0 69 59 326
person 0.03050846 108 26 132 55
person 0.04039022 1 81 29 352
person 0.99719006 54 79 217 370
person 0.99963623 254 74 481 370
diningtable 0.00632698 252 154 491 374
diningtable 0.0069011054 8 149 82 326
diningtable 0.10398067 39 142 220 373
diningtable 0.85323286 119 181 367 370
chair 0.0072363704 2 145 17 364
chair 0.009378875 1 81 29 352
chair 0.010655383 4 101 107 363
chair 0.020379912 71 150 268 372
chair 0.08784205 0 123 56 347
chair 0.2304698 141 310 360 375
chair 0.286846 244 60 500 375
chair 0.8729619 23 158 169 371
chair 0.9310067 299 173 494 369
bottle 0.005540935 243 147 285 211
