person 0.013356245 1 195 10 237
motorbike 0.021475403 349 197 409 220
car 0.011191116 2 194 7 222
car 0.014504698 110 197 133 220
car 0.0147394 94 204 128 228
car 0.023213418 467 184 497 214
car 0.02375183 358 197 461 226
car 0.036063682 1 195 10 237
car 0.047519807 272 187 358 228
car 0.111056976 324 203 362 231
car 0.140747 168 202 265 233
car 0.1606631 231 197 277 221
car 0.1861918 209 206 264 229
car 0.18873656 26 203 60 226
car 0.32750162 412 190 494 227
car 0.36983666 349 197 409 220
car 0.40267107 451 188 500 223
car 0.42546073 171 203 227 226
car 0.43148717 403 203 450 229
car 0.46776706 126 194 175 222
car 0.54685163 38 192 107 229
car 0.6935068 4 205 39 228
bicycle 0.01007153 349 197 409 220
