train 0.005046536 0 118 72 167
train 0.005138284 29 148 96 173
train 0.00674126 165 127 413 289
train 0.006812079 0 120 114 201
train 0.007050533 246 156 350 197
train 0.010766069 319 139 363 163
train 0.032690484 0 163 31 221
train 0.033540454 0 184 177 310
train 0.08358464 0 150 102 192
train 0.12367447 173 168 305 221
train 0.17503871 150 138 207 167
train 0.39587817 145 162 359 239
train 0.4311813 3 133 95 177
person 0.008652932 438 150 455 191
bus 0.0068650716 0 172 36 211
bus 0.050336692 150 138 207 167
boat 0.0062484066 150 138 207 167
