tvmonitor 0.00673133 400 249 499 373
sofa 0.005400104 9 244 121 374
sofa 0.028776698 36 199 137 298
pottedplant 0.0050583673 139 167 182 254
pottedplant 0.0053487476 1 120 11 168
pottedplant 0.0055387975 2 14 43 78
pottedplant 0.0061193095 0 161 11 183
pottedplant 0.011269688 224 39 233 60
pottedplant 0.011694393 0 153 11 174
pottedplant 0.016640814 120 145 142 179
pottedplant 0.05202722 0 145 14 183
pottedplant 0.060689602 71 87 112 159
pottedplant 0.9825317 135 112 192 248
diningtable 0.026581788 0 171 51 270
chair 0.0051847957 0 195 51 228
chair 0.0056256605 45 175 130 231
chair 0.03910445 1 166 27 268
chair 0.21569213 0 176 50 288
chair 0.69182706 36 180 139 286
bottle 0.016155697 230 36 237 58
bottle 0.017877394 224 39 233 60
