pottedplant 0.0061467853 372 16 407 47
pottedplant 0.011824887 364 19 420 67
person 0.0053079603 476 21 499 338
person 0.0057470356 42 53 61 83
person 0.009302588 487 58 499 303
person 0.011382098 348 37 406 88
person 0.013491361 336 48 411 112
person 0.014131608 118 58 143 94
person 0.022548387 371 19 411 68
person 0.030476455 205 52 300 102
person 0.03089536 304 43 424 142
person 0.06506807 362 35 398 67
person 0.42358476 85 59 102 79
person 0.7780976 128 59 156 92
person 0.9737748 377 34 495 327
person 0.9773227 216 38 274 94
car 0.0056323474 320 65 485 184
car 0.006445696 1 79 31 156
car 0.009420785 332 33 495 313
car 0.021634752 0 108 189 208
car 0.022938007 304 43 424 142
car 0.46913934 0 78 58 134
car 0.5188697 28 76 141 132
car 0.96099913 4 75 168 164
car 0.999987 3 63 419 341
