tvmonitor 0.0151761025 226 107 297 158
pottedplant 0.02371682 132 96 188 221
pottedplant 0.15635675 133 95 165 179
person 0.0059952936 124 156 157 186
person 0.0066882316 237 152 256 193
person 0.010253018 479 166 499 333
person 0.012218816 254 162 274 196
person 0.013128636 468 125 500 307
person 0.014035122 164 159 187 202
person 0.016493253 114 150 181 247
person 0.024327643 242 150 266 195
person 0.02681923 132 96 188 221
person 0.054188132 294 166 306 197
person 0.07511582 479 137 500 254
person 0.10287125 304 151 341 206
person 0.34691367 442 138 500 330
person 0.4143286 125 162 168 230
person 0.42380652 40 149 164 279
person 0.5382227 146 156 187 226
person 0.55362827 6 126 116 333
person 0.72305334 372 133 495 333
person 0.9344463 306 147 380 247
person 0.95819837 229 151 281 202
diningtable 0.981371 30 196 408 333
bottle 0.0057300404 232 170 240 190
bottle 0.006105128 253 224 275 272
bottle 0.0067256605 279 199 302 270
bottle 0.0067882487 277 180 291 222
bottle 0.0091671515 221 186 235 234
bottle 0.009232913 210 231 237 306
bottle 0.012657773 294 166 307 209
bottle 0.01713529 268 217 283 277
bottle 0.024845935 224 216 251 287
bottle 0.025364118 237 188 250 229
bottle 0.048753045 296 165 305 192
bottle 0.07515424 277 192 290 248
bottle 0.09459038 240 187 248 213
bottle 0.27735245 271 202 292 273
