person 0.020371906 149 10 169 44
person 0.021774996 489 0 499 16
person 0.043658424 336 282 383 367
person 0.102321535 299 21 334 129
person 0.12771568 169 9 198 125
person 0.13689332 175 4 197 49
person 0.13989866 90 0 119 143
person 0.18530798 281 172 364 306
person 0.21743485 457 283 496 350
person 0.41953608 126 1 154 132
person 0.60514694 202 300 318 375
person 0.64684194 308 274 421 375
person 0.96048087 77 0 101 139
person 0.98002887 98 4 148 145
person 0.9800777 0 3 25 150
person 0.9869658 388 13 432 124
person 0.9908355 0 214 48 367
person 0.99103326 134 18 194 143
person 0.9933502 348 1 393 137
person 0.99533975 306 14 358 134
horse 0.0068346006 295 264 425 375
horse 0.0077242465 391 3 465 125
horse 0.0098524485 253 125 389 328
horse 0.03400609 479 12 500 147
horse 0.9250138 433 1 500 131
horse 0.99950904 73 132 407 341
cow 0.009575183 433 1 500 131
car 0.008067133 489 0 499 16
boat 0.012985739 65 144 413 357
