pottedplant 0.0053707105 98 143 131 172
pottedplant 0.005657363 42 157 85 240
pottedplant 0.006222042 24 36 99 134
pottedplant 0.0067481035 56 68 91 97
pottedplant 0.0076673487 63 63 206 148
pottedplant 0.008607697 49 35 104 96
pottedplant 0.010521508 0 19 18 116
pottedplant 0.01576725 28 169 166 306
pottedplant 0.016378898 0 58 14 105
pottedplant 0.018063 1 79 37 169
pottedplant 0.020676758 45 36 67 70
pottedplant 0.023407543 39 51 80 123
pottedplant 0.033647936 22 31 63 104
pottedplant 0.04146326 6 11 72 81
pottedplant 0.0556573 65 40 101 69
pottedplant 0.06358598 57 49 99 124
pottedplant 0.11205871 62 19 101 79
pottedplant 0.4291556 25 8 307 493
pottedplant 0.916752 23 104 218 325
diningtable 0.015684925 55 10 333 497
