sofa 0.017886337 0 14 117 274
sofa 0.026557526 282 7 430 133
pottedplant 0.0079665715 282 7 430 133
pottedplant 0.014075133 443 11 491 40
person 0.005634778 150 88 186 120
person 0.008257363 180 78 213 110
person 0.008473409 240 83 250 104
person 0.011443531 348 220 469 371
person 0.976879 209 69 361 217
diningtable 0.011495477 282 7 430 133
chair 0.008533205 436 0 495 49
chair 0.063796 413 9 500 153
chair 0.66505957 282 7 430 133
car 0.0054247347 155 59 246 107
bottle 0.0053640916 201 209 232 246
bottle 0.009207772 303 222 322 258
bottle 0.01278637 213 203 233 235
boat 0.0060219285 282 7 430 133
bicycle 0.49192712 348 220 469 371
