pottedplant 0.02604314 386 172 419 231
person 0.0063462853 401 176 467 228
person 0.008032407 433 192 468 270
person 0.012805583 429 178 445 239
person 0.02976016 431 170 463 234
person 0.271898 422 178 455 250
person 0.7716433 389 171 423 230
motorbike 0.015129183 388 174 425 242
motorbike 0.051437333 420 196 454 270
chair 0.005700355 476 192 496 274
chair 0.007024086 415 219 492 273
chair 0.010871269 459 212 494 249
chair 0.01811976 433 192 468 270
chair 0.39853182 452 200 495 272
car 0.005487063 415 185 484 245
car 0.0073760473 391 195 495 275
car 0.027582109 441 204 495 265
bicycle 0.012846435 420 196 454 270
