sofa 0.9997185 0 110 500 331
pottedplant 0.005100498 375 33 410 91
pottedplant 0.005668486 343 52 417 111
pottedplant 0.006156406 377 43 414 70
pottedplant 0.006451697 364 17 394 69
pottedplant 0.007953985 418 13 448 71
pottedplant 0.011093858 425 0 447 22
pottedplant 0.011624135 354 52 369 68
pottedplant 0.012317947 418 48 433 63
pottedplant 0.01282051 350 45 372 72
pottedplant 0.018594557 402 44 439 66
pottedplant 0.024117498 379 31 396 51
pottedplant 0.029370144 428 0 444 15
pottedplant 0.075396895 412 41 426 60
pottedplant 0.099699505 426 21 448 54
pottedplant 0.11668469 410 33 444 62
pottedplant 0.9448209 374 32 398 64
person 0.02165083 343 52 417 111
chair 0.010010316 353 49 425 110
chair 0.012726832 465 60 487 97
chair 0.039696194 452 56 494 117
car 0.005114032 439 58 496 114
