sheep 0.011267896 3 4 289 156
pottedplant 0.06310964 9 250 129 361
person 0.0056505436 483 116 499 351
person 0.0057884254 323 112 491 346
person 0.012813441 12 2 276 212
person 0.04670137 473 125 500 238
person 0.2442073 278 155 394 309
person 0.2548709 450 95 500 375
person 0.77174115 454 127 498 269
person 0.98904824 26 73 229 285
person 0.9936224 159 128 343 328
horse 0.12735245 25 3 297 203
dog 0.049371913 25 2 293 159
diningtable 0.016152339 23 305 479 373
cow 0.015028179 25 2 293 159
chair 0.0050970092 2 150 20 280
cat 0.17981002 25 2 293 159
bottle 0.007008948 322 233 361 316
