pottedplant 0.0057372656 0 172 10 225
pottedplant 0.0066519133 151 170 213 220
pottedplant 0.0076168077 8 151 79 275
pottedplant 0.0096479915 327 139 412 277
pottedplant 0.011993009 160 186 199 213
pottedplant 0.012073921 0 83 10 160
pottedplant 0.012618429 1 24 60 168
pottedplant 0.013780492 2 154 27 238
pottedplant 0.0297488 1 68 21 168
pottedplant 0.08378789 2 164 42 261
pottedplant 0.6755579 189 170 300 280
pottedplant 0.81387585 301 47 409 280
pottedplant 0.9770624 364 0 500 276
pottedplant 0.9965764 3 0 209 233
