person 0.0055053206 375 81 447 129
person 0.010921869 65 102 150 257
person 0.014514212 73 110 197 213
person 0.020248566 439 73 500 359
person 0.044839274 391 93 477 225
person 0.058490515 48 164 221 293
person 0.06575577 396 86 419 129
person 0.19273342 388 82 423 156
person 0.5282722 99 95 192 293
person 0.84253013 384 47 494 337
car 0.010280144 368 78 497 219
car 0.013732728 272 96 402 134
car 0.016170472 316 85 388 127
bicycle 0.007423478 48 124 165 255
bicycle 0.84260917 48 164 221 293
bicycle 0.99433297 299 146 495 375
