train 0.12205503 162 183 339 351
person 0.0094379345 222 109 270 143
person 0.012621527 295 110 334 285
person 0.0208087 220 118 247 151
person 0.022744251 276 114 291 152
person 0.024768597 157 249 178 288
person 0.07940137 294 115 329 157
person 0.15061194 166 93 225 155
person 0.19018279 289 119 333 193
person 0.28620082 157 92 218 223
person 0.6934904 235 104 278 164
person 0.9923738 473 257 500 374
motorbike 0.020509843 166 200 335 333
car 0.012400423 4 259 23 274
car 0.5351947 42 261 153 337
car 0.5643653 166 200 335 333
bus 0.024324654 42 261 153 337
bus 0.072838746 166 200 335 333
boat 0.008323491 162 183 339 351
