person 0.0054355348 285 89 301 120
person 0.0075163217 287 88 298 108
person 0.0075381896 65 87 78 103
person 0.008056256 302 101 318 143
person 0.009203795 20 93 33 106
person 0.011051837 8 98 22 110
person 0.011424002 288 88 315 149
person 0.013204128 44 93 57 103
person 0.014271447 295 83 313 113
person 0.017845184 279 88 292 107
person 0.02804398 211 85 228 112
person 0.029861646 29 91 41 105
person 0.045172196 1 99 14 151
person 0.053813457 297 93 313 137
person 0.07460418 2 95 11 115
person 0.080026925 230 87 247 122
person 0.10523016 38 90 50 104
person 0.19807275 0 105 12 203
person 0.20507398 303 85 319 127
person 0.6317658 63 95 90 171
motorbike 0.039400905 286 118 319 206
car 0.0055620032 155 113 252 161
car 0.0061108833 5 96 36 145
car 0.010924222 96 103 291 155
car 0.010976294 7 95 45 119
car 0.025792703 134 101 238 140
car 0.030839058 1 99 14 151
car 0.039463572 58 98 132 151
car 0.5721267 3 101 67 141
car 0.6859661 96 99 202 144
car 0.8392743 286 130 319 211
car 0.99984276 6 140 311 348
