person 0.03797163 0 63 10 143
person 0.046050448 29 51 60 139
person 0.04704192 478 13 496 105
person 0.055289514 244 18 307 70
person 0.06596929 62 53 101 135
person 0.075440966 201 76 277 240
person 0.08489106 411 17 439 109
person 0.088853456 241 39 276 113
person 0.10392735 488 13 500 58
person 0.123041704 366 33 397 117
person 0.1594405 194 57 256 112
person 0.29502174 478 16 494 54
person 0.3031285 193 54 224 117
person 0.33743134 141 45 180 121
person 0.40447396 9 30 47 134
person 0.56548685 52 30 88 136
person 0.59124565 247 19 282 93
person 0.8846019 400 16 429 117
person 0.9188411 378 23 408 120
person 0.98121536 157 67 337 260
motorbike 0.0053988076 183 73 318 255
motorbike 0.00561662 194 55 224 127
motorbike 0.010229386 74 64 147 132
motorbike 0.011015088 191 60 259 125
motorbike 0.011479769 477 30 496 120
motorbike 0.012490868 102 39 236 123
motorbike 0.015558607 64 34 99 127
motorbike 0.019364964 141 45 180 121
motorbike 0.03706195 29 51 60 139
motorbike 0.14202943 0 58 26 138
motorbike 0.45607892 12 51 48 140
motorbike 0.49067244 49 47 89 144
motorbike 0.83885276 104 62 178 129
motorbike 0.83921045 432 48 495 112
motorbike 0.99421495 78 120 354 266
car 0.005877558 129 31 233 83
car 0.0058900267 127 48 189 116
car 0.011159132 126 21 276 66
car 0.012735591 35 45 107 116
car 0.01535749 0 58 26 138
car 0.017112114 432 48 495 112
car 0.017453486 194 57 256 112
car 0.017989775 100 32 185 90
car 0.018635789 130 37 288 116
car 0.019622196 82 50 189 135
car 0.0440135 244 18 307 70
car 0.16876303 277 14 391 70
car 0.32338575 125 9 370 99
car 0.3964627 0 28 54 137
car 0.6339187 228 7 419 92
bus 0.14183396 228 7 419 92
bus 0.23578715 125 9 370 99
bicycle 0.00500725 242 24 307 85
bicycle 0.1307426 421 46 496 114
