sofa 0.030870503 2 122 123 225
pottedplant 0.0080805225 0 85 6 111
pottedplant 0.0155038675 0 83 8 132
person 0.0073246313 42 122 79 152
person 0.0074547464 489 150 500 219
person 0.007584682 65 116 142 156
person 0.015184621 2 116 27 191
person 0.016650632 39 98 67 139
person 0.021818772 0 130 50 203
person 0.023206409 69 124 112 152
person 0.025388846 5 121 42 153
person 0.039311558 296 60 333 167
person 0.03947653 54 122 126 183
person 0.04806076 472 150 500 229
person 0.12267014 6 119 81 182
person 0.46872437 27 97 74 158
person 0.6672763 62 124 138 227
person 0.8249136 262 51 338 178
person 0.8804936 0 132 122 245
person 0.9742858 342 135 482 245
diningtable 0.008758298 288 144 455 241
chair 0.0051824655 226 153 363 241
chair 0.0094920555 320 142 390 190
chair 0.037568927 352 148 391 181
chair 0.07195161 302 145 363 194
chair 0.9659844 293 175 358 242
bottle 0.0073516425 237 149 254 200
bottle 0.019763367 247 152 261 195
