person 0.0076013757 1 81 10 156
person 0.008916135 3 92 23 210
person 0.009147086 437 277 497 331
person 0.019034924 4 66 58 352
person 0.9838946 7 92 58 207
person 0.99735534 114 94 161 207
person 0.99917644 197 97 333 413
motorbike 0.34165326 24 233 193 415
horse 0.013671063 24 233 193 415
dog 0.0074826977 284 332 350 397
dog 0.013471819 21 213 194 401
dog 0.021738691 330 336 393 403
chair 0.008059179 435 243 500 336
car 0.032726508 21 213 194 401
bird 0.005848208 294 283 351 317
bird 0.007725401 310 339 423 405
bird 0.008086587 291 359 315 401
bird 0.011523554 448 364 500 396
bird 0.025236864 408 239 494 300
bird 0.062317368 284 332 350 397
bird 0.5859054 437 277 497 331
bird 0.70867795 438 351 498 407
bird 0.87066627 404 337 468 403
bird 0.9197531 336 353 402 408
bicycle 0.03898175 24 233 193 415
aeroplane 0.062161382 23 237 213 411
