train 0.00612578 0 162 393 364
train 0.026569536 0 199 118 331
train 0.3545881 29 159 184 358
person 0.006011029 324 188 361 254
person 0.0070814807 69 197 150 375
person 0.018782629 313 169 433 372
person 0.024581447 362 139 426 338
person 0.60630625 349 179 404 358
person 0.63751966 55 152 191 364
person 0.8574059 222 190 270 352
person 0.8681405 398 130 462 371
person 0.8807642 238 180 329 371
person 0.9003145 318 192 366 355
boat 0.010188162 0 162 393 364
boat 0.013792458 36 0 467 316
boat 0.018344443 145 222 192 257
boat 0.03827192 23 130 185 348
