sheep 0.008811357 115 148 212 181
sheep 0.010194924 414 129 458 152
sheep 0.010248749 93 177 167 222
sheep 0.01040234 271 122 315 152
sheep 0.015567372 432 113 496 176
sheep 0.033308666 329 113 376 139
sheep 0.033589162 143 147 300 183
sheep 0.05044293 95 180 131 217
sheep 0.051930703 173 128 302 207
sheep 0.15925455 150 150 187 179
sheep 0.18271616 324 110 361 132
sheep 0.2277139 314 110 404 146
sheep 0.30108887 414 133 447 162
sheep 0.35021028 281 125 395 202
sheep 0.37383407 146 151 281 227
sheep 0.55915374 103 166 234 240
sheep 0.854471 435 92 493 145
sheep 0.8741183 271 101 328 142
sheep 0.94163495 337 115 408 165
sheep 0.9783619 421 134 494 199
