train 0.019093242 148 93 205 116
person 0.005935616 240 110 251 122
car 0.009513519 217 109 231 121
car 0.016449364 170 143 186 159
car 0.017191086 425 131 470 153
car 0.017547237 39 144 65 160
car 0.025536979 239 113 253 127
car 0.03035186 170 152 207 199
car 0.032496106 240 110 251 122
car 0.033573367 39 137 129 173
car 0.05029215 249 111 301 140
car 0.062336523 281 127 303 142
car 0.0623735 168 132 185 150
car 0.07833455 238 112 274 132
car 0.14879268 262 212 334 284
car 0.16845155 167 137 191 167
car 0.19285244 89 120 113 133
car 0.20822439 171 149 199 176
car 0.40387562 359 200 395 235
car 0.5326187 26 144 66 172
car 0.87730324 263 124 301 143
car 0.94510347 173 176 208 206
bus 0.0115048215 359 200 395 235
bus 0.016035462 39 137 129 173
bus 0.039082766 262 212 334 284
bus 0.043251004 417 133 484 187
bus 0.061674975 148 93 205 116
boat 0.010275103 148 93 205 116
