person 0.008245573 169 78 238 152
person 0.009727462 12 79 47 157
person 0.011889011 1 88 10 156
person 0.015070584 26 57 59 88
person 0.017157812 242 90 286 179
person 0.020752067 169 96 209 179
person 0.034025196 397 96 440 183
person 0.071070775 24 54 59 142
person 0.07211395 65 79 148 159
person 0.22362027 85 68 125 166
person 0.24441972 199 85 279 226
person 0.25034377 70 68 109 167
person 0.56855714 165 84 248 229
person 0.76100373 265 68 303 166
person 0.7641267 352 90 439 229
person 0.8612239 102 65 140 165
motorbike 0.0070247124 123 108 162 164
motorbike 0.007922066 82 80 158 154
motorbike 0.011178378 69 97 112 168
motorbike 0.01376409 104 96 146 166
motorbike 0.47086522 334 111 424 241
motorbike 0.7163584 61 101 153 173
motorbike 0.8678765 155 102 267 245
car 0.005347278 1 88 10 156
car 0.00896921 262 67 325 135
bicycle 0.007985165 61 101 153 173
