tvmonitor 0.005801757 80 218 101 261
tvmonitor 0.05306443 191 267 225 295
tvmonitor 0.079219125 5 228 74 285
sofa 0.0065616025 2 225 67 327
sofa 0.0068699513 41 265 149 371
pottedplant 0.015632696 226 134 294 176
pottedplant 0.1404276 46 122 136 161
person 0.0050398735 273 262 289 296
person 0.0050778934 191 267 225 295
person 0.006298354 358 251 429 303
person 0.0066239196 0 252 55 373
person 0.0077242064 113 312 131 342
person 0.008509625 491 237 499 320
person 0.009663995 386 252 447 368
person 0.01236958 354 261 390 331
person 0.019843103 2 225 67 327
person 0.023263419 283 252 321 289
person 0.036763836 391 254 433 329
person 0.038882192 1 259 23 367
person 0.06531044 336 262 374 357
person 0.4416315 311 258 390 332
person 0.8181515 34 277 146 375
person 0.8483402 412 239 497 375
person 0.8813842 277 253 325 324
person 0.9159857 173 217 296 375
person 0.93874794 106 222 190 338
diningtable 0.012013986 279 325 355 368
bottle 0.0055085286 191 269 225 302
bottle 0.0058039194 345 312 361 362
bottle 0.0067473524 426 289 445 323
bottle 0.011197411 348 296 375 366
bottle 0.018497212 363 294 374 347
bottle 0.030538715 113 312 131 342
bottle 0.031996418 360 269 387 364
bottle 0.1209306 390 314 405 375
bottle 0.18305364 383 298 396 375
bottle 0.5642043 373 301 387 373
bottle 0.8551033 358 307 371 365
