train 0.021299364 392 135 485 181
person 0.0061668986 247 165 262 203
person 0.008471344 410 161 423 206
person 0.015267026 430 162 447 191
person 0.01818035 437 170 454 216
person 0.019991435 118 177 128 213
person 0.022029996 431 167 463 233
person 0.10591166 461 163 494 234
person 0.109361455 401 161 415 207
person 0.27566716 431 162 445 221
chair 0.019856712 458 182 499 246
car 0.005552104 446 170 497 227
car 0.006317418 476 158 500 191
car 0.049032405 472 160 496 236
bus 0.019613817 411 133 486 183
boat 0.00607663 458 182 499 246
bicycle 0.0055236584 431 183 467 241
bicycle 0.18727116 458 182 499 246
