pottedplant 0.006813086 10 347 43 412
pottedplant 0.0073713684 85 293 144 452
pottedplant 0.0113211265 198 43 264 324
pottedplant 0.01203449 291 238 331 327
pottedplant 0.021516098 17 353 59 426
pottedplant 0.04028929 65 214 125 339
pottedplant 0.042385295 245 297 287 322
pottedplant 0.05050297 0 214 19 348
pottedplant 0.053336803 283 284 325 322
pottedplant 0.060665887 0 216 47 342
pottedplant 0.06299 21 346 132 452
pottedplant 0.08718011 279 65 332 335
pottedplant 0.16940436 268 289 307 320
pottedplant 0.17869282 258 268 324 327
pottedplant 0.29274938 0 209 119 360
pottedplant 0.5237093 100 201 226 461
pottedplant 0.57287574 20 347 97 409
pottedplant 0.6911182 86 374 138 455
pottedplant 0.831923 226 38 327 367
pottedplant 0.8689677 93 21 237 396
dog 0.008654416 95 243 225 464
boat 0.0056318073 279 65 332 335
