tvmonitor 0.7006051 247 184 351 278
sofa 0.022629106 0 271 87 332
diningtable 0.5853391 64 199 135 272
diningtable 0.8055398 73 201 187 297
chair 0.006462646 86 192 134 221
chair 0.0067215594 63 205 90 270
chair 0.0074240225 0 265 89 332
chair 0.007736086 2 215 19 261
chair 0.007993104 90 193 109 207
chair 0.015085005 86 191 98 209
chair 0.017478608 146 195 182 275
chair 0.02352253 2 213 12 282
chair 0.040678147 480 207 499 332
chair 0.043990593 109 195 143 274
chair 0.07534383 82 190 122 211
chair 0.71918046 81 192 125 277
chair 0.9860619 67 200 105 278
chair 0.99685854 114 199 170 291
