person 0.009285187 157 95 174 132
person 0.0105145825 263 82 301 149
person 0.011864001 24 112 62 149
person 0.013150464 91 100 110 143
person 0.014276887 312 55 349 113
person 0.016422756 153 110 164 134
person 0.01885374 392 96 427 130
person 0.035832312 74 98 90 144
person 0.054628015 82 99 100 144
person 0.07785713 305 61 326 108
person 0.09613907 301 69 339 131
person 0.105985105 103 98 122 143
person 0.20882615 26 106 45 145
person 0.21249962 42 106 62 144
person 0.24099724 63 99 82 146
person 0.2597584 111 88 124 140
person 0.289856 150 103 167 141
person 0.3165552 369 89 388 134
person 0.71000993 1 96 16 151
person 0.9927084 168 59 230 189
horse 0.010265237 264 81 333 147
horse 0.010695601 285 63 357 168
horse 0.07475643 301 69 339 131
horse 0.826753 302 84 361 145
horse 0.99999046 68 102 296 281
bus 0.010610265 382 40 496 128
