bird 0.009354244 250 3 297 34
bird 0.010196074 181 212 207 248
bird 0.0105641205 288 73 320 101
bird 0.018161373 191 168 223 194
bird 0.023742136 287 81 307 108
bird 0.026036296 215 154 239 195
bird 0.027251357 182 189 254 237
bird 0.034843117 177 241 214 306
bird 0.036077373 173 188 204 216
bird 0.03654079 176 187 217 246
bird 0.041555542 326 131 357 157
bird 0.041893546 263 219 307 248
bird 0.061371934 214 162 253 223
bird 0.061661266 202 146 236 206
bird 0.07183735 305 54 336 84
bird 0.16324961 297 62 331 91
bird 0.19554073 222 162 247 199
bird 0.2079896 173 201 207 265
bird 0.41797438 259 225 313 274
bird 0.67087764 188 138 225 194
