sheep 0.0074356417 456 147 479 182
sheep 0.009642895 54 186 89 215
sheep 0.01620418 487 151 499 195
sheep 0.08047043 205 157 243 212
sheep 0.080551594 45 220 130 272
sheep 0.08482153 478 155 497 190
sheep 0.19024695 82 156 106 185
sheep 0.28136602 457 151 496 190
horse 0.0072449236 207 160 241 218
horse 0.01312572 457 151 496 190
horse 0.022481587 54 186 89 215
dog 0.0076429723 28 179 103 219
dog 0.009013696 27 192 106 237
dog 0.011634416 82 156 106 185
dog 0.0652848 205 157 243 212
dog 0.06615862 54 186 89 215
dog 0.52636755 41 211 132 265
cow 0.006011038 456 147 479 182
cow 0.009370567 28 179 103 219
cow 0.009873833 27 192 106 237
cow 0.022733148 478 155 497 190
cow 0.12593417 54 186 89 215
cow 0.13956046 82 156 106 185
cow 0.176833 457 151 496 190
cow 0.37425852 41 211 132 265
cow 0.39395604 205 157 243 212
cat 0.006361051 205 157 243 212
cat 0.025272034 41 211 132 265
bird 0.008976132 82 156 106 185
