person 0.009532275 73 156 94 188
person 0.010782425 2 125 25 224
person 0.01079502 77 146 124 179
person 0.012066493 324 160 357 264
person 0.0127991745 493 173 499 251
person 0.013675755 103 143 142 215
person 0.01651012 425 153 445 196
person 0.01652099 7 159 42 233
person 0.01658483 12 179 30 224
person 0.019413216 215 183 243 326
person 0.024591843 71 130 112 197
person 0.03383462 494 194 499 288
person 0.03458852 318 148 386 252
person 0.08667606 67 124 141 224
person 0.11279301 226 171 247 343
person 0.17663084 405 158 425 202
person 0.23029266 236 185 280 356
person 0.23651217 83 136 126 208
person 0.9852647 284 215 326 368
person 0.9986896 320 166 383 374
car 0.008470357 0 200 25 241
bus 0.01524284 2 125 25 224
bus 0.015837517 1 107 61 248
bus 0.01939737 307 97 500 346
bus 0.0198179 6 129 114 247
bus 0.30494583 4 84 195 355
bus 0.9988921 7 26 500 362
