tvmonitor 0.7516749 396 6 500 282
person 0.0060753548 0 38 283 345
person 0.009863005 1 61 21 179
person 0.019469956 7 54 169 157
person 0.043386403 1 44 30 120
person 0.08176059 150 86 273 307
person 0.93228024 70 82 216 357
person 0.99908185 220 40 376 249
dog 0.011030294 70 82 216 357
dog 0.5835595 165 130 267 308
diningtable 0.009096589 2 47 191 321
chair 0.010343645 70 82 216 357
bottle 0.0053272536 1 73 18 201
bottle 0.0076902043 49 95 61 116
bottle 0.018788042 35 98 71 129
bottle 0.02159326 380 51 396 82
bottle 0.0468771 46 91 65 124
