person 0.009528153 292 209 310 255
person 0.009913667 422 213 432 286
person 0.009960626 151 214 166 250
person 0.010592108 258 207 296 260
person 0.011490314 103 215 120 248
person 0.01516829 411 212 425 287
person 0.030254206 468 219 484 299
person 0.033165064 288 211 305 269
person 0.03958289 304 207 322 299
person 0.045210686 393 211 405 287
person 0.07938469 340 210 361 303
person 0.17085946 291 210 312 295
person 0.17686442 490 219 499 299
person 0.2019903 384 213 396 284
person 0.22533391 480 223 498 314
person 0.30410147 444 219 465 298
person 0.7119883 454 222 480 314
person 0.7889536 364 210 384 293
person 0.91719455 398 213 422 292
person 0.93166643 328 206 351 307
car 0.0051473463 46 215 120 266
car 0.0057470943 205 215 229 246
car 0.009030312 0 214 51 245
car 0.010598265 0 215 70 263
car 0.011200901 261 202 301 227
car 0.014399546 252 212 277 245
car 0.01644669 0 240 70 301
car 0.01702825 184 216 225 249
car 0.018128157 256 222 291 253
car 0.027551522 207 206 246 237
car 0.03419118 183 210 263 249
car 0.25162047 97 237 118 280
car 0.30975744 199 197 275 239
car 0.7111029 254 207 296 238
car 0.75196713 172 226 220 255
car 0.8151088 0 222 119 292
bus 0.010698819 195 183 285 223
bus 0.085347205 199 197 275 239
