tvmonitor 0.010441702 0 53 24 97
tvmonitor 0.032809194 1 102 39 174
sofa 0.010551195 82 60 399 375
sofa 0.020058528 276 130 500 375
person 0.00823561 40 51 149 166
person 0.008595383 2 39 21 159
person 0.010233989 130 75 291 200
person 0.011653249 141 67 181 130
person 0.01328144 1 52 10 120
person 0.015099593 48 84 128 153
person 0.01959017 76 19 110 74
person 0.02196741 43 107 197 251
person 0.024001095 2 31 24 66
person 0.06832109 83 15 129 79
person 0.08728697 147 0 192 80
person 0.091332115 142 60 221 183
person 0.12974106 2 27 27 102
person 0.14881143 201 58 303 171
person 0.17029175 78 13 145 112
person 0.7056675 103 8 150 81
person 0.9296601 35 69 177 373
person 0.9812712 31 29 94 161
person 0.9897427 88 44 328 375
person 0.9990782 246 108 482 363
diningtable 0.005297913 1 102 39 174
diningtable 0.0082953265 30 136 178 375
diningtable 0.024073808 39 78 172 230
chair 0.0054331613 78 145 338 372
chair 0.006296765 214 92 239 121
chair 0.0068526077 41 79 82 160
chair 0.016748402 201 58 303 171
chair 0.052494194 1 102 39 174
chair 0.079510115 276 130 500 375
chair 0.7078702 261 45 312 111
car 0.008975425 2 52 43 86
car 0.040928617 2 27 27 102
bottle 0.05722076 48 142 61 183
