person 0.0063193617 97 188 111 221
person 0.006416436 99 191 108 212
person 0.009230825 115 199 126 221
person 0.014415498 104 192 114 212
person 0.06712635 115 189 124 214
person 0.09420443 195 201 216 242
person 0.2447233 101 191 119 233
person 0.39654964 110 194 131 229
person 0.92602473 187 197 218 267
motorbike 0.007998123 110 194 131 229
motorbike 0.023592241 185 224 226 293
motorbike 0.18626942 100 205 135 238
horse 0.008848448 110 194 131 229
horse 0.012653741 101 191 119 233
horse 0.22844252 100 205 135 238
horse 0.9515732 185 232 226 300
dog 0.005352955 185 224 226 293
dog 0.013992148 103 211 134 244
cow 0.010080708 100 198 121 242
cow 0.06394949 103 211 134 244
bicycle 0.036822177 185 224 226 293
bicycle 0.043894097 100 205 135 238
aeroplane 0.0052781557 380 155 436 174
aeroplane 0.0052894857 377 114 500 193
aeroplane 0.009277282 384 163 449 183
