sofa 0.0070684655 209 0 498 363
person 0.005141167 17 106 31 147
person 0.007126974 7 83 43 155
person 0.0078651635 67 116 101 173
person 0.019816877 0 136 8 209
person 0.057918414 13 118 50 206
chair 0.011011913 209 0 498 363
cat 0.99973494 196 6 484 375
car 0.007991276 94 110 122 137
car 0.009167771 56 124 85 189
car 0.010368494 12 87 83 146
car 0.010457603 1 122 10 185
car 0.01063585 85 120 96 132
car 0.010875334 111 104 144 174
car 0.012015046 104 89 141 150
car 0.013989279 75 76 137 132
car 0.014289981 45 138 80 170
car 0.021630842 89 89 128 147
car 0.025249165 118 122 140 166
car 0.02568676 94 116 111 131
car 0.027023066 14 132 53 220
car 0.033234004 26 124 60 199
car 0.035716966 0 136 8 209
car 0.065619506 121 79 144 115
car 0.114225335 91 100 116 130
car 0.11554357 134 183 157 218
car 0.22648709 65 122 99 184
car 0.8362551 70 133 95 169
bus 0.005235519 0 87 63 149
bus 0.012626823 75 76 137 132
bus 0.025609728 25 81 104 131
