sofa 0.016654799 121 41 313 275
pottedplant 0.015830128 402 100 430 153
person 0.006461687 94 1 168 243
person 0.011255087 436 155 498 376
person 0.061884154 418 178 493 297
person 0.090567745 436 89 500 269
person 0.37948948 124 0 193 273
person 0.6528406 0 0 94 372
person 0.91938037 125 60 324 332
chair 0.027018532 2 76 82 317
chair 0.9410194 138 73 338 351
bottle 0.0067855217 190 213 226 248
bottle 0.0085446695 399 117 420 155
bottle 0.01962712 408 102 431 148
bottle 0.19049616 434 113 453 161
