tvmonitor 0.010541998 4 130 39 155
tvmonitor 0.014967735 316 0 368 21
pottedplant 0.0059207175 458 38 497 122
person 0.0078244675 438 136 500 296
person 0.009285519 420 103 486 144
person 0.022291038 442 108 487 136
person 0.03960095 376 103 454 173
person 0.040032506 434 107 474 166
person 0.120410115 347 111 466 234
person 0.4879453 185 68 281 204
person 0.91479635 367 150 495 320
person 0.94882727 281 102 428 244
person 0.99731696 58 97 218 334
diningtable 0.0052097817 2 100 207 330
diningtable 0.012892739 167 189 344 310
diningtable 0.08199876 218 215 432 334
chair 0.008316688 1 171 19 296
chair 0.025064979 376 103 454 173
chair 0.040189516 2 100 207 330
car 0.014017508 72 109 112 137
bus 0.0061973757 2 100 207 330
bottle 0.006015065 333 283 351 326
bottle 0.0060867197 288 196 300 244
bottle 0.007797239 163 162 203 229
bottle 0.010848159 235 254 254 305
bottle 0.014716349 283 192 304 279
bottle 0.026036482 213 230 236 321
bottle 0.8750416 228 254 250 331
