tvmonitor 0.9256113 241 129 301 185
sofa 0.0071975556 129 175 266 258
sofa 0.089832634 3 211 104 332
person 0.0075947987 149 188 244 240
person 0.011341623 215 201 257 231
person 0.0143355355 203 189 272 233
dog 0.008455728 203 189 272 233
dog 0.008640123 139 170 226 225
dog 0.0337529 149 188 244 240
diningtable 0.05974881 247 228 497 332
chair 0.00526687 457 196 497 268
chair 0.0070944615 125 166 210 229
chair 0.009103869 488 181 498 236
chair 0.01173044 472 180 498 249
chair 0.01283128 456 191 494 227
chair 0.014346464 310 204 351 256
chair 0.018310718 479 188 497 231
chair 0.024014978 58 223 218 332
chair 0.024837581 117 176 242 288
chair 0.042432483 3 211 104 332
chair 0.15522741 136 183 229 246
cat 0.024698386 149 188 244 240
bird 0.009510265 136 183 229 246
