sheep 0.007164554 0 191 299 500
pottedplant 0.0062274793 299 214 332 265
person 0.006148414 40 0 84 68
person 0.007445804 220 143 278 339
person 0.008419133 180 106 200 137
person 0.010564062 2 2 78 59
person 0.011322486 280 204 297 263
person 0.013581455 0 132 36 348
person 0.014753134 246 188 273 292
person 0.019794792 140 114 203 179
person 0.028473174 171 140 286 276
person 0.033546053 299 214 332 265
person 0.0592733 286 206 304 260
person 0.20542258 0 82 309 500
person 0.21696289 166 105 270 401
person 0.31929296 0 150 40 213
motorbike 0.99551874 0 134 304 500
car 0.0076015317 7 91 271 500
