person 0.008916301 202 131 212 152
person 0.011480757 161 82 172 103
person 0.012667959 240 141 251 163
person 0.013655577 445 85 455 109
person 0.015099579 198 123 214 151
person 0.016978776 246 132 263 162
person 0.017968003 179 122 197 147
person 0.042456683 156 125 164 145
person 0.05584626 164 125 174 145
person 0.072096005 173 123 182 147
person 0.31176186 190 122 205 149
bottle 0.017046483 335 332 451 371
bottle 0.017950645 260 321 476 374
boat 0.005251912 431 147 500 201
boat 0.005700545 271 106 315 126
boat 0.010003961 161 82 172 103
boat 0.016380461 153 78 170 112
boat 0.016808057 435 106 497 126
boat 0.0548105 432 105 496 173
boat 0.99855894 145 96 349 197
bird 0.00506933 153 78 170 112
bird 0.0072251633 162 80 171 100
bird 0.007977837 445 85 455 109
