tvmonitor 0.015684903 168 138 210 166
tvmonitor 0.049468294 149 134 212 185
sofa 0.008536413 305 174 405 217
sofa 0.033096462 349 168 446 220
sofa 0.037418757 342 168 479 252
sofa 0.0646852 371 184 497 289
sofa 0.69758236 261 164 369 215
pottedplant 0.0066345837 312 164 354 196
pottedplant 0.00703918 73 156 172 244
pottedplant 0.01145627 270 158 317 188
pottedplant 0.012118554 268 161 362 204
pottedplant 0.0157753 135 202 166 256
pottedplant 0.029917022 142 208 177 246
pottedplant 0.66390336 88 162 133 255
person 0.0154512655 268 161 362 204
person 0.032853223 370 165 452 223
diningtable 0.03938846 371 184 497 289
chair 0.0055631828 371 184 497 289
chair 0.011834405 0 173 20 295
chair 0.020498896 370 165 452 223
chair 0.028369002 226 187 336 231
chair 0.064011544 251 166 354 215
bottle 0.029261243 469 180 487 220
