sheep 0.02527285 8 187 71 251
sheep 0.12146084 323 223 472 329
person 0.0060071666 8 186 66 251
horse 0.005124934 323 223 472 329
dog 0.034616828 11 178 41 203
dog 0.7613786 323 223 472 329
cow 0.008856022 323 223 472 329
cat 0.00954322 323 223 472 329
cat 0.009596093 11 178 41 203
boat 0.0050154394 287 76 357 95
boat 0.0063650915 78 210 104 227
boat 0.013493528 94 86 163 104
bird 0.005533023 208 167 222 195
bird 0.0061364253 89 204 109 219
bird 0.0065042973 104 201 130 216
bird 0.0068050507 54 332 71 343
bird 0.007769947 22 182 41 197
bird 0.00950854 90 176 110 193
bird 0.016349005 139 174 157 191
bird 0.021763926 138 177 162 209
bird 0.022361064 81 185 108 218
bird 0.036725607 173 187 194 215
bird 0.07255423 204 171 229 214
bird 0.12774691 93 176 126 218
bird 0.15784125 11 178 41 203
bird 0.22742909 88 178 110 209
bird 0.23017788 79 197 106 226
bird 0.36537373 145 182 178 209
bird 0.4317041 207 183 239 220
bird 0.6803244 147 184 189 237
bird 0.9059262 8 187 71 251
bird 0.9214853 103 185 133 215
