train 0.19262958 0 35 500 333
pottedplant 0.02081812 420 153 453 187
person 0.007307379 298 133 371 182
person 0.010019002 183 121 300 212
person 0.012117453 177 240 214 307
person 0.016877476 174 251 203 330
person 0.016955838 316 128 349 153
person 0.017432747 372 133 385 152
person 0.020228215 253 128 296 159
person 0.023523305 369 128 388 156
person 0.024933396 333 134 347 149
person 0.027976071 173 241 306 333
person 0.029280175 326 131 339 149
person 0.0622773 420 153 453 187
person 0.15951107 230 136 266 169
person 0.825534 234 131 275 190
person 0.8452404 183 263 260 328
person 0.94387174 185 140 250 220
chair 0.02857202 174 251 203 330
chair 0.052952185 150 251 180 333
car 0.04746622 0 35 500 333
bus 0.04935827 0 35 500 333
boat 0.3836322 0 23 499 321
aeroplane 0.061688833 0 23 499 321
