sofa 0.0052644755 263 72 360 413
sofa 0.8739567 0 81 60 161
pottedplant 0.00740549 103 62 120 95
pottedplant 0.008474734 57 97 76 134
pottedplant 0.019097997 78 83 108 113
pottedplant 0.020273697 102 79 135 131
person 0.011353213 237 77 355 402
diningtable 0.005651075 163 102 246 137
diningtable 0.010751219 147 114 238 159
diningtable 0.020954883 89 126 290 282
diningtable 0.16748323 132 121 273 217
diningtable 0.72595286 63 183 295 374
diningtable 0.999321 0 284 360 480
chair 0.013992131 204 101 223 113
chair 0.01409531 101 95 121 132
chair 0.016398571 75 98 107 131
chair 0.018792765 250 95 267 151
chair 0.021293528 151 108 183 137
chair 0.021952817 147 99 167 132
chair 0.022674311 120 98 141 152
chair 0.027063744 180 98 226 118
chair 0.04070396 111 90 144 124
chair 0.041273348 137 95 157 137
chair 0.05120229 195 101 229 129
chair 0.05758137 130 93 147 139
chair 0.09943176 137 95 173 148
chair 0.12857711 2 82 57 166
chair 0.16016524 163 102 188 129
chair 0.16593614 104 89 137 146
chair 0.2981379 122 106 180 165
chair 0.50954306 114 115 155 192
chair 0.78237194 10 216 76 392
chair 0.9255811 70 150 130 272
car 0.012590082 2 82 57 166
