tvmonitor 0.0065971375 130 84 289 233
tvmonitor 0.010690068 223 70 290 142
tvmonitor 0.021322612 171 74 321 146
train 0.013845656 52 42 456 345
sofa 0.07100149 100 120 479 375
person 0.008343412 10 117 80 242
person 0.011278437 474 44 500 160
person 0.011279886 489 119 498 190
person 0.017254464 480 110 498 246
person 0.23655379 103 118 154 229
person 0.9926027 126 82 283 298
person 0.992723 0 125 189 375
person 0.99544954 130 72 458 373
chair 0.0053067477 103 118 154 229
chair 0.12557295 100 120 479 375
bottle 0.011808243 480 185 499 324
