person 0.005003104 168 125 185 140
person 0.0050194655 203 109 217 153
person 0.0069093546 256 128 268 143
person 0.007610251 332 93 349 131
person 0.018752199 217 98 231 150
person 0.028090706 262 156 303 185
person 0.66193736 207 103 225 157
motorbike 0.0055082883 299 110 343 129
motorbike 0.016336182 187 149 433 245
car 0.005134454 295 114 311 129
car 0.0059895543 284 98 351 134
car 0.0081358915 313 112 333 128
car 0.008721348 294 109 313 136
car 0.015560938 475 105 495 116
car 0.028106276 311 109 346 131
car 0.056443036 452 103 499 120
car 0.32701883 292 106 334 128
car 0.9950604 167 153 426 245
aeroplane 0.009494087 166 141 428 256
aeroplane 0.022166498 452 103 499 120
