person 0.009303973 429 116 449 153
person 0.010376866 263 139 305 213
person 0.010851082 19 123 25 148
person 0.013259233 284 150 322 175
person 0.016424935 332 142 370 169
person 0.017940285 448 115 468 155
person 0.019866752 437 118 455 152
person 0.024343072 370 138 411 166
person 0.0298301 267 139 319 168
person 0.045953993 327 138 388 187
person 0.06924024 275 145 355 204
person 0.07295881 450 114 488 174
person 0.09234675 432 126 466 187
person 0.10412349 5 134 91 300
person 0.10971009 405 113 428 158
person 0.14459518 409 111 446 177
person 0.1608364 268 137 329 191
person 0.37804332 379 129 404 158
person 0.47522157 400 116 436 196
person 0.6949891 19 121 82 235
motorbike 0.006575805 261 153 302 229
motorbike 0.0067347107 264 173 409 243
motorbike 0.0107870875 487 138 500 186
motorbike 0.011100065 24 134 178 239
motorbike 0.018669846 140 153 225 277
motorbike 0.019917587 259 128 405 198
motorbike 0.020687675 377 139 419 166
motorbike 0.024120953 338 135 407 187
motorbike 0.041884802 316 141 397 210
motorbike 0.07020676 205 143 373 227
motorbike 0.08778937 473 125 500 188
motorbike 0.18987934 375 141 452 206
motorbike 0.21163468 432 126 466 187
motorbike 0.32461983 262 143 336 208
motorbike 0.3645877 398 126 465 191
motorbike 0.41050187 0 162 99 311
motorbike 0.6055398 439 127 497 185
motorbike 0.61284924 155 136 281 246
motorbike 0.7923368 283 145 430 225
motorbike 0.9144184 57 151 205 288
car 0.0052137887 382 128 450 190
car 0.0133260805 476 133 497 177
car 0.016336363 487 138 500 186
car 0.025701713 438 114 496 175
bottle 0.010386987 19 123 25 148
bottle 0.010975826 32 121 38 145
bicycle 0.006442922 0 162 99 311
bicycle 0.023512676 377 139 419 166
