train 0.024114253 13 15 322 333
person 0.00532027 361 130 381 158
person 0.0056057083 408 140 430 169
person 0.006109144 387 148 433 175
person 0.0063128583 363 142 376 159
person 0.006478102 256 126 275 159
person 0.006847309 425 150 449 190
person 0.00831844 234 128 257 159
person 0.008674786 225 127 247 160
person 0.0090207625 450 133 496 190
person 0.017768145 435 144 458 180
person 0.022378264 263 123 285 161
person 0.024368718 401 145 466 201
person 0.06707954 408 147 446 180
person 0.09384721 418 136 493 208
person 0.103775024 370 130 391 160
person 0.2749768 438 134 499 258
person 0.9997599 0 49 253 331
person 0.999943 239 69 483 332
chair 0.005068084 0 145 267 332
