person 0.0063814768 19 0 159 63
person 0.0152017465 163 4 195 33
person 0.0535719 2 0 116 90
person 0.22627375 4 0 111 329
bottle 0.01898706 157 34 178 81
bottle 0.021205176 168 35 199 115
bottle 0.027114332 172 12 202 77
bottle 0.03324415 227 76 275 278
bottle 0.044754494 166 5 190 32
bottle 0.051236697 209 11 229 44
bottle 0.0532612 190 43 221 145
bottle 0.05487483 179 10 199 42
bottle 0.057148285 141 117 189 203
bottle 0.07143541 250 17 281 103
bottle 0.075817965 183 19 207 57
bottle 0.12965041 140 22 158 69
bottle 0.21703894 181 23 210 94
bottle 0.32582667 150 25 179 101
bottle 0.3650233 107 24 142 97
bottle 0.82978505 248 30 284 157
bottle 0.9856442 141 95 195 333
bottle 0.99402773 85 139 150 330
bottle 0.9982716 296 126 369 333
bottle 0.9983357 206 118 281 333
