train 0.043846045 0 0 273 373
person 0.005132747 2 54 19 187
person 0.0054636705 352 226 472 363
person 0.0073714526 0 35 52 320
person 0.008482965 51 18 117 146
person 0.008590666 1 73 14 318
person 0.018809432 1 49 27 375
person 0.021101378 15 0 323 375
person 0.025546882 83 208 102 253
person 0.04391061 0 0 122 368
person 0.0726439 378 62 500 375
person 0.3146125 406 202 500 375
person 0.34537488 2 9 65 153
person 0.99891275 133 9 270 375
bus 0.034604684 0 0 122 368
bus 0.5683513 0 0 273 373
boat 0.0050418433 0 0 273 373
