sofa 0.006443392 248 70 368 296
sofa 0.1442843 26 104 183 233
sofa 0.655261 76 94 289 203
pottedplant 0.00583401 128 6 137 25
pottedplant 0.010133757 40 82 54 101
pottedplant 0.038222242 35 71 55 107
pottedplant 0.042818926 12 69 47 100
pottedplant 0.075826146 10 76 28 104
pottedplant 0.07921246 3 76 18 104
pottedplant 0.09208388 20 63 54 117
pottedplant 0.38149247 17 72 36 107
person 0.005331832 120 97 206 225
person 0.0064220326 110 100 210 157
person 0.0068378537 13 134 120 258
person 0.0095423125 76 94 289 203
person 0.010382644 58 104 104 188
person 0.01066843 85 119 121 241
person 0.011197375 26 104 183 233
person 0.037450455 353 64 375 100
person 0.050403666 309 33 343 107
person 0.79223937 137 157 217 360
person 0.8589285 257 88 374 329
person 0.9285723 65 104 132 256
diningtable 0.0079705985 183 282 248 337
chair 0.0057163876 211 106 296 223
chair 0.008007334 47 102 127 262
bottle 0.0051202155 56 164 98 193
bottle 0.0053365724 165 267 233 333
bottle 0.0064353794 140 4 149 24
bottle 0.006788101 182 288 202 332
bottle 0.007506531 174 280 196 328
bottle 0.012991354 194 274 212 331
bottle 0.014232579 128 6 137 25
bottle 0.35598993 179 267 209 335
bottle 0.6388462 202 268 238 338
