person 0.005673828 0 288 11 310
person 0.0061364733 332 283 344 353
person 0.008049251 9 285 20 310
person 0.031459954 292 245 334 307
person 0.09551752 319 275 343 353
person 0.14283821 7 271 24 310
person 0.14565341 14 270 31 310
person 0.34513053 296 279 339 356
motorbike 0.005798657 319 275 343 353
motorbike 0.060413253 13 277 31 315
motorbike 0.09835794 6 279 24 314
motorbike 0.7839105 294 287 337 363
car 0.006869245 393 277 401 296
car 0.007004941 333 276 373 304
car 0.008561733 314 279 349 300
car 0.0137363635 331 276 348 303
car 0.01969496 0 281 13 315
car 0.027087929 282 265 351 322
car 0.03176957 1 281 30 313
car 0.035850395 334 281 346 298
car 0.038637582 325 284 341 296
car 0.044271164 287 280 298 299
car 0.04750956 279 288 291 308
car 0.3255304 441 276 470 294
car 0.4245955 344 274 397 309
car 0.44405696 288 281 348 351
bus 0.01563056 278 275 292 306
bus 0.017059993 439 271 470 294
bus 0.0292284 285 248 343 302
bus 0.99932677 81 173 279 342
bicycle 0.017342433 6 281 36 312
