person 0.00768703 188 286 201 307
boat 0.0130749615 190 187 216 285
bird 0.005505052 197 224 214 260
bird 0.032235313 186 282 201 313
bicycle 0.02689545 190 187 216 285
aeroplane 0.006680903 190 281 200 301
aeroplane 0.008052312 183 235 210 310
aeroplane 0.008092161 200 237 211 260
aeroplane 0.016507931 197 238 212 281
aeroplane 0.022454422 203 169 216 212
aeroplane 0.026736112 200 200 215 244
aeroplane 0.034603715 200 257 208 278
aeroplane 0.053638697 195 258 205 279
aeroplane 0.06752541 194 251 207 289
aeroplane 0.07256788 186 286 197 306
aeroplane 0.11014354 190 187 216 285
aeroplane 0.21261781 197 224 214 260
aeroplane 0.37693384 186 282 201 313
