person 0.00747375 272 87 375 412
person 0.012158511 0 113 229 468
person 0.02050768 299 221 369 447
person 0.24509934 0 99 54 381
person 0.9995305 98 76 274 498
chair 0.005632879 8 299 283 500
car 0.0052140555 85 141 180 178
car 0.005439715 40 153 77 180
car 0.0135548385 97 107 276 230
car 0.020318737 255 214 368 434
car 0.025203293 33 122 166 203
car 0.044949446 29 138 101 182
car 0.055826783 89 147 281 486
car 0.21323186 233 84 375 408
car 0.305383 211 99 375 229
car 0.8899604 51 139 151 182
bus 0.00675012 64 102 241 182
boat 0.005219029 2 134 291 500
bicycle 0.011050411 8 299 283 500
