sofa 0.0052665765 82 68 231 476
pottedplant 0.008177299 380 115 405 208
pottedplant 0.010507271 251 155 272 214
pottedplant 0.015973687 412 158 429 199
pottedplant 0.14639695 215 149 241 216
pottedplant 0.571673 297 123 363 190
person 0.9999331 66 27 223 492
diningtable 0.010963234 176 386 480 496
bottle 0.0050619673 225 171 240 218
bottle 0.008899429 411 159 429 209
bottle 0.028493388 348 399 374 488
bottle 0.031246733 10 196 33 234
bottle 0.04604011 285 154 300 201
bottle 0.07671569 238 155 255 198
bottle 0.08219541 249 155 264 200
bottle 0.08456984 274 155 289 199
bottle 0.120669805 267 155 283 201
bottle 0.14672028 221 152 239 200
bottle 0.3774451 253 161 272 207
