sheep 0.09377184 285 285 374 346
sheep 0.32644135 426 268 500 330
person 0.0065271305 282 285 367 347
person 0.00674806 490 241 500 315
person 0.007802147 481 227 498 276
person 0.011922219 483 175 500 297
person 0.020496264 291 207 370 338
person 0.047499336 489 217 499 284
person 0.09160876 481 224 500 322
person 0.9745362 278 197 324 344
person 0.99239475 366 210 425 332
horse 0.024205472 282 285 367 347
dog 0.00899497 481 224 500 322
dog 0.7495534 420 270 498 329
dog 0.81719124 285 285 374 346
