car 0.0050064926 225 170 285 189
car 0.0064512324 4 168 20 190
car 0.0073744007 89 174 114 199
car 0.0082704 164 181 208 212
car 0.008663349 303 173 404 215
car 0.011829553 162 164 212 181
car 0.017652197 31 164 95 184
car 0.019110614 241 166 287 183
car 0.033198304 89 166 151 199
car 0.06134402 6 160 95 193
car 0.06957124 0 162 12 183
car 0.13960835 0 158 22 188
car 0.19422348 104 170 182 204
car 0.25181535 148 174 217 207
car 0.3968668 245 169 354 223
car 0.42401102 13 165 53 192
car 0.43789956 78 170 125 198
car 0.684193 41 167 104 197
car 0.7621269 198 168 281 213
car 0.82670337 355 178 498 241
bus 0.010852909 0 157 15 189
