sofa 0.5165382 28 138 478 322
pottedplant 0.007958932 310 148 357 177
pottedplant 0.009597653 314 159 391 224
pottedplant 0.1611618 310 152 366 206
pottedplant 0.64202744 28 115 101 173
person 0.0053477874 303 146 374 244
person 0.012744253 61 141 204 267
person 0.067917354 317 158 363 221
person 0.9350136 263 127 450 294
person 0.996186 95 124 405 310
chair 0.0054684915 322 132 459 270
chair 0.0060752574 83 191 265 296
chair 0.0107774455 69 229 278 328
chair 0.012493704 61 141 204 267
chair 0.012986141 127 206 205 332
chair 0.103528276 251 144 470 313
chair 0.20404758 82 135 348 322
