tvmonitor 0.00555927 148 120 211 197
tvmonitor 0.0979953 155 96 281 223
sofa 0.02429185 318 126 472 242
pottedplant 0.01201025 307 116 431 214
pottedplant 0.11155354 287 156 321 231
person 0.0050955317 182 119 268 194
person 0.006910396 316 138 361 216
person 0.01829167 168 130 328 310
person 0.042130034 312 119 437 240
person 0.6022084 155 96 281 223
person 0.8460687 224 188 342 310
chair 0.0061192787 146 112 212 275
chair 0.009344027 164 97 273 248
chair 0.01934861 148 120 211 197
chair 0.19218032 312 119 437 240
bottle 0.13197553 245 272 261 321
bottle 0.13868082 231 266 247 311
bottle 0.7227199 234 262 259 327
