tvmonitor 0.005007827 220 168 257 229
tvmonitor 0.006670463 0 106 96 276
tvmonitor 0.020353591 222 168 294 233
tvmonitor 0.026405523 188 137 320 252
tvmonitor 0.14677164 26 105 144 271
tvmonitor 0.67917806 186 170 228 234
tvmonitor 0.9431638 1 88 56 262
train 0.0061232406 58 117 151 269
sofa 0.014345773 207 119 500 375
person 0.00835331 445 80 500 350
person 0.014051578 165 110 341 339
person 0.015110647 474 61 500 370
person 0.017428389 278 118 350 233
person 0.027991358 482 150 499 321
person 0.9991239 167 88 492 375
chair 0.026339404 207 119 500 375
