sheep 0.017574525 334 135 390 204
person 0.0060618487 231 51 252 84
person 0.006475153 228 56 254 138
person 0.007578554 330 115 392 205
person 0.010028186 362 116 375 131
person 0.123814374 309 102 329 128
person 0.17071958 220 140 263 209
horse 0.009638964 334 135 390 204
chair 0.016399896 334 135 390 204
boat 0.0050193076 346 120 394 147
boat 0.0052781096 42 81 100 108
boat 0.006106221 70 91 146 136
boat 0.00653606 383 65 446 78
boat 0.00673682 0 64 7 86
boat 0.007581672 0 46 9 86
boat 0.010125498 325 116 391 167
boat 0.010919246 287 122 334 142
boat 0.011292164 34 98 94 127
boat 0.014934506 376 47 438 71
boat 0.019516896 48 61 97 78
boat 0.035076875 32 71 95 96
boat 0.06389464 327 52 354 82
boat 0.16129066 57 63 102 87
boat 0.4401902 369 56 432 80
boat 0.7985574 38 62 104 124
bird 0.005772704 325 116 391 167
bird 0.009262256 346 120 394 147
bird 0.8591982 220 140 263 209
bird 0.90856445 334 135 390 204
aeroplane 0.005575441 330 115 392 205
