sofa 0.03552007 290 141 495 372
sofa 0.058277037 86 145 249 363
person 0.0068359794 1 0 8 78
person 0.015820289 0 0 21 92
person 0.021129662 1 84 30 195
person 0.028778931 0 28 52 99
person 0.06801254 0 21 26 144
person 0.32322064 78 32 141 167
person 0.5574966 52 1 87 91
person 0.6721669 0 24 48 175
person 0.8829368 185 149 293 363
person 0.90991986 83 122 196 349
person 0.9996228 270 81 477 375
motorbike 0.005969433 290 141 495 372
diningtable 0.026450444 150 147 291 367
chair 0.0062664496 135 134 294 345
chair 0.011790774 1 96 38 185
chair 0.035355303 51 197 165 337
chair 0.047405515 97 108 137 176
chair 0.44418326 290 141 495 372
chair 0.7962485 67 148 199 364
chair 0.90616524 83 109 125 198
chair 0.97796166 40 178 104 297
