train 0.009825806 200 12 500 325
train 0.015054822 176 33 399 234
train 0.04236909 33 0 461 269
person 0.0054387767 3 0 57 163
person 0.013259506 166 48 210 143
person 0.01791738 109 15 179 97
person 0.021514107 100 17 221 149
person 0.02197735 62 4 207 104
person 0.023676813 5 13 134 316
person 0.0340573 245 31 402 153
person 0.081714205 8 20 57 95
person 0.16391228 62 16 435 320
person 0.54565555 165 30 338 303
person 0.75580984 81 6 201 325
person 0.90144116 378 58 498 331
person 0.9423475 235 65 414 332
motorbike 0.005948189 63 54 435 334
car 0.009079841 62 16 435 320
bottle 0.00736039 376 129 405 188
bottle 0.010303551 299 163 339 268
bottle 0.10566762 286 133 347 299
boat 0.019269856 110 8 455 329
bicycle 0.010099302 15 0 166 100
