car 0.0056186733 313 206 333 216
aeroplane 0.008944145 352 208 407 229
aeroplane 0.009494291 288 191 385 231
aeroplane 0.010318457 220 189 270 217
aeroplane 0.012606701 313 206 333 216
aeroplane 0.013487561 441 191 491 214
aeroplane 0.0138245905 4 178 130 251
aeroplane 0.030892672 307 200 356 222
aeroplane 0.06607881 375 184 500 251
aeroplane 0.07091037 282 169 450 235
aeroplane 0.0716191 455 198 498 224
aeroplane 0.07220623 237 199 291 221
aeroplane 0.07230567 366 191 461 233
aeroplane 0.0723145 284 201 339 219
aeroplane 0.09718066 253 191 339 230
aeroplane 0.12890466 406 192 500 234
aeroplane 0.15480083 256 199 312 219
aeroplane 0.15565193 105 193 297 250
aeroplane 0.23926601 218 191 300 231
aeroplane 0.24039604 333 185 418 235
aeroplane 0.8602138 8 149 265 250
