sofa 0.25097618 0 18 500 358
person 0.005031214 3 0 50 146
person 0.006313449 81 232 168 285
person 0.0065581324 165 169 414 295
person 0.020518541 46 206 227 311
person 0.56874526 0 99 500 357
person 0.8991592 256 148 483 359
person 0.98222643 29 41 296 341
dog 0.0065180915 46 206 227 311
chair 0.023520976 5 91 282 344
chair 0.22313194 0 18 500 358
bottle 0.0073093227 98 262 124 295
bottle 0.012684128 89 244 129 295
bottle 0.0148380045 46 243 125 297
bottle 0.022224614 103 232 224 283
bottle 0.046383914 81 232 168 285
bottle 0.06139871 163 230 210 254
