pottedplant 0.0077305213 292 117 331 150
pottedplant 0.008214586 214 6 255 68
pottedplant 0.01797189 312 138 435 243
person 0.00524207 478 102 497 209
person 0.0066831354 236 76 277 131
person 0.0069225426 122 129 141 157
person 0.013638403 103 128 122 157
person 0.5100341 224 85 282 242
bottle 0.005054033 148 250 171 334
bottle 0.005870365 418 192 445 280
bottle 0.008404263 400 15 429 113
bottle 0.008934071 0 303 5 375
bottle 0.011244521 58 276 84 350
bottle 0.012830722 323 235 343 283
bottle 0.014022937 383 234 402 286
bottle 0.0153549975 492 186 500 275
bottle 0.016856136 459 197 493 276
bottle 0.02179448 89 273 114 351
bottle 0.022844397 75 281 92 334
bottle 0.034271095 477 186 498 283
bottle 0.06935242 332 232 352 285
bottle 0.0803118 352 236 370 282
bottle 0.17671205 340 232 358 285
bottle 0.62060356 73 271 102 353
bottle 0.95247954 223 97 282 251
