person 0.0064780368 35 82 76 111
person 0.0078038713 37 76 99 200
person 0.011628487 60 80 98 158
person 0.019593285 58 79 85 114
person 0.021916317 325 10 361 74
person 0.023900012 126 95 204 219
person 0.023910224 112 94 166 228
person 0.36865905 50 75 92 126
person 0.83154 264 105 388 256
person 0.84769434 69 105 149 251
person 0.9829341 3 105 123 354
person 0.9952704 242 124 500 375
diningtable 0.008532313 81 151 494 375
diningtable 0.017623423 58 222 337 371
diningtable 0.2657981 78 281 273 373
chair 0.005989747 270 121 500 375
chair 0.0063249725 282 118 425 257
bottle 0.005402443 189 203 202 256
bottle 0.008088672 5 101 21 148
bottle 0.008229274 2 106 6 145
bottle 0.008733337 244 105 260 143
bottle 0.009474552 2 98 8 152
bottle 0.013168766 241 190 267 269
bottle 0.016161151 232 190 244 255
bottle 0.01683606 158 319 183 373
bottle 0.036213472 169 190 193 275
bottle 0.060808916 239 104 252 146
bottle 0.08686704 210 172 233 262
bottle 0.09280141 218 100 234 153
bottle 0.10412853 230 103 243 148
bottle 0.23717375 215 164 233 203
