person 0.015074253 20 44 30 68
person 0.015342113 1 40 11 95
person 0.016247315 306 16 338 55
person 0.021428488 24 39 42 74
person 0.024261791 51 34 71 64
person 0.024717083 318 10 338 44
person 0.024864616 221 16 232 41
person 0.027290275 208 13 225 41
person 0.03405558 256 6 273 48
person 0.037485283 273 2 293 39
person 0.04589166 284 3 304 36
person 0.059855405 248 11 262 49
person 0.066137336 16 40 33 74
person 0.06666048 4 38 23 77
person 0.06832523 237 12 253 47
person 0.07661208 230 16 240 42
person 0.10827691 262 2 286 41
person 0.15832283 292 2 312 37
person 0.2978084 34 34 53 65
person 0.3229308 303 3 338 40
motorbike 0.005654755 483 16 498 188
motorbike 0.011278488 0 38 20 124
car 0.0051150313 4 38 23 77
car 0.00612571 1 68 13 124
car 0.0065809553 120 24 158 49
car 0.007520835 0 75 24 116
car 0.00801508 0 32 59 91
car 0.008282436 0 38 20 124
car 0.010281757 26 35 60 64
car 0.011154987 6 39 41 74
car 0.011211045 75 22 127 39
car 0.014386316 65 22 146 65
car 0.015477318 105 20 154 42
car 0.016551698 84 27 136 48
car 0.86099106 127 23 244 78
car 0.9775333 1 37 138 119
car 0.99942315 0 29 456 345
bicycle 0.00686521 483 40 498 198
