sheep 0.005407995 39 128 110 250
sheep 0.0056637297 218 142 265 235
sheep 0.0088877175 442 144 499 207
sheep 0.079116136 450 148 500 321
horse 0.045774635 450 148 500 321
dog 0.024196362 450 148 500 321
cow 0.013500447 454 147 498 177
cow 0.013960966 92 122 158 182
cow 0.021284927 81 89 170 226
cow 0.61947227 442 144 499 207
cow 0.69262254 447 141 500 290
cow 0.7687045 40 123 124 247
cow 0.91204774 219 139 267 232
cow 0.95603925 77 89 174 151
cow 0.9984603 240 75 467 220
bird 0.006170311 450 148 500 321
