person 0.005146277 369 279 465 331
person 0.0054176236 6 228 91 281
person 0.00963617 492 239 499 332
person 0.010697201 451 256 500 332
person 0.011002933 440 189 500 333
person 0.011863197 69 149 351 326
person 0.012405353 0 80 59 307
person 0.013757257 89 198 244 310
person 0.014023716 1 230 28 313
person 0.01968788 481 212 500 333
person 0.0473507 126 193 198 317
person 0.27246636 406 269 500 333
person 0.9218882 300 144 374 327
person 0.9745595 14 194 172 333
person 0.9991988 154 44 332 333
