sofa 0.0067875753 65 123 427 375
sofa 0.17048049 169 141 389 318
pottedplant 0.013149529 0 275 12 340
pottedplant 0.08449338 83 74 132 286
pottedplant 0.31185415 0 276 31 350
person 0.010355885 218 134 301 258
person 0.7475609 149 136 361 311
dog 0.007976315 175 157 336 275
chair 0.010925563 256 158 398 281
chair 0.012303392 65 123 427 375
chair 0.03164735 445 243 495 375
chair 0.85094845 169 141 389 318
cat 0.00549936 175 157 336 275
bottle 0.0054167807 235 129 256 159
bottle 0.0066425228 218 132 233 159
bottle 0.009258059 247 128 261 160
bottle 0.009643101 257 127 271 161
bottle 0.015138676 200 129 217 161
bottle 0.033844277 68 16 83 58
bottle 0.034366537 208 130 224 160
bottle 0.0705186 72 13 90 59
