person 0.012644683 0 4 9 72
person 0.02152736 477 72 497 104
person 0.14722808 476 58 497 220
motorbike 0.0069315606 178 49 320 255
motorbike 0.025022276 226 78 290 234
motorbike 0.02559542 305 63 416 157
motorbike 0.030569464 390 64 494 183
motorbike 0.066433035 476 58 497 220
motorbike 0.093547136 450 55 499 222
motorbike 0.39809963 335 59 485 239
motorbike 0.4811692 250 54 390 250
motorbike 0.9251067 95 60 250 287
car 0.006304631 26 18 108 58
car 0.008099757 378 63 496 224
car 0.008504567 99 44 256 285
car 0.009756757 309 53 398 224
car 0.016289746 478 85 499 228
car 0.026822416 1 1 17 86
car 0.03375201 0 30 10 103
car 0.07043969 0 4 9 72
