person 0.006113054 252 297 367 420
person 0.0062292283 334 300 371 348
person 0.006792006 337 313 360 365
person 0.0091119055 360 301 372 324
person 0.009247938 357 320 375 377
person 0.00996431 250 385 372 497
person 0.010025546 347 304 360 323
person 0.012575123 344 308 363 353
person 0.0132497195 345 299 364 330
person 0.013402489 341 304 355 324
person 0.014003812 254 229 370 500
person 0.031949017 350 308 375 403
person 0.03455389 319 305 340 342
person 0.05135286 305 300 363 409
person 0.073112465 300 298 329 379
person 0.07641721 333 306 370 403
person 0.083140716 357 301 374 345
person 0.11046565 339 305 358 340
person 0.15563686 100 123 326 460
person 0.25803405 317 301 351 375
motorbike 0.98386014 43 110 332 481
car 0.059385557 45 58 335 465
