person 0.011361493 55 136 71 194
person 0.019962505 2 164 28 227
person 0.024743177 0 142 23 182
person 0.25040272 445 171 490 228
person 0.7657703 55 132 79 219
person 0.903255 72 130 97 220
person 0.99819994 311 122 356 323
motorbike 0.007296181 182 272 297 319
motorbike 0.008331147 434 176 494 231
motorbike 0.024114996 166 266 338 335
cow 0.014807094 2 164 28 227
car 0.078746065 182 272 297 319
boat 0.008826342 166 266 338 335
bicycle 0.014996763 166 266 338 335
bicycle 0.04183695 170 271 278 316
bicycle 0.9034073 434 180 492 239
