person 0.008274341 40 0 60 34
person 0.009755342 0 0 9 66
person 0.011197714 34 0 52 32
person 0.0115764225 5 0 42 58
person 0.0118341185 15 0 34 37
person 0.015060792 17 14 112 75
person 0.025334137 24 0 42 35
person 0.035331562 51 2 90 83
person 0.5123701 0 2 30 82
motorbike 0.005594365 0 2 30 82
motorbike 0.01923321 17 14 112 75
car 0.005496925 51 2 90 83
car 0.060063556 4 1 40 82
car 0.27251968 103 8 249 72
car 0.32100263 64 8 153 70
car 0.52075016 17 14 112 75
car 0.99983716 43 1 433 323
bicycle 0.011012011 22 27 105 78
