person 0.005432841 492 183 499 276
person 0.0056633484 490 272 499 333
person 0.0071355826 197 128 237 184
person 0.007143317 443 61 499 293
person 0.0072342195 474 50 500 333
person 0.011404785 475 70 497 205
person 0.012309992 486 98 500 292
person 0.022317529 482 180 499 327
person 0.08643863 192 83 261 183
person 0.34659192 414 150 498 317
person 0.41824338 222 126 331 332
person 0.7987776 216 81 265 154
person 0.97510105 316 170 382 333
person 0.9798648 332 87 461 331
bottle 0.005041416 490 272 499 333
