bird 0.005537951 491 314 499 335
bird 0.007303277 470 355 483 373
bird 0.048042152 235 163 260 183
aeroplane 0.0051209726 411 333 494 375
aeroplane 0.0053086244 490 365 499 375
aeroplane 0.011739446 488 296 500 339
aeroplane 0.012519726 419 368 434 375
aeroplane 0.014779672 477 359 493 375
aeroplane 0.022340579 491 314 499 335
aeroplane 0.028139452 406 356 449 375
aeroplane 0.07975854 470 353 499 375
aeroplane 0.08458157 407 358 427 372
aeroplane 0.32605216 470 355 483 373
aeroplane 0.55806834 233 165 262 181
