person 0.0050569577 414 89 445 154
person 0.0064489227 57 123 73 166
person 0.0064499434 49 109 87 173
person 0.008146054 397 100 431 171
person 0.012408896 69 111 100 171
person 0.012572918 353 124 390 184
person 0.0144661125 379 104 412 173
person 0.015343729 340 123 373 186
person 0.019863205 321 122 354 188
car 0.005296827 0 166 4 199
car 0.034751967 0 161 6 240
bus 0.006949329 1 112 15 272
bus 0.0072024222 0 154 6 229
bus 0.007478078 468 58 500 295
bus 0.008969015 383 64 500 293
bus 0.012840223 413 124 491 193
bus 0.015583088 476 104 499 213
bus 0.019048525 6 107 41 204
bus 0.022651149 26 123 99 188
bus 0.025941145 457 109 491 203
bus 0.116538204 441 89 499 229
bus 0.12897186 1 86 57 229
bus 0.22335443 0 87 22 226
bus 0.99985707 228 57 491 300
bus 0.99986625 3 58 211 299
