person 0.010319711 480 43 498 85
person 0.011011375 12 86 54 122
person 0.017101422 479 47 500 155
person 0.019649558 1 77 15 277
person 0.031009475 436 62 500 174
person 0.037148092 324 74 345 117
person 0.04127674 488 38 500 92
person 0.04446992 0 69 55 320
person 0.046243917 15 71 76 129
person 0.046924066 0 83 22 193
person 0.05171717 1 59 27 330
person 0.11313962 0 165 18 307
person 0.17706808 3 77 57 157
person 0.30004266 193 55 288 331
person 0.36789605 438 47 499 333
person 0.39920765 43 70 81 101
person 0.86293614 255 60 349 327
person 0.9338787 134 47 228 332
person 0.9973624 331 46 478 333
person 0.99843675 21 50 152 328
