tvmonitor 0.005066043 333 159 454 191
tvmonitor 0.006044051 341 207 408 255
tvmonitor 0.008574898 353 196 404 221
person 0.008831224 383 234 416 307
person 0.0149197485 0 37 51 106
diningtable 0.12313472 320 233 476 327
chair 0.005753096 275 228 322 314
chair 0.0072288928 476 233 497 274
chair 0.009230887 478 201 498 251
chair 0.009762017 458 198 493 236
chair 0.011000964 434 210 476 281
chair 0.011533118 489 209 498 281
chair 0.054366942 420 198 486 264
chair 0.056173217 472 207 500 283
chair 0.07455937 412 210 455 282
chair 0.10632466 399 211 472 324
chair 0.10802459 320 233 476 327
chair 0.2898263 265 234 371 327
chair 0.4128632 451 196 496 271
