pottedplant 0.006495826 0 189 93 355
person 0.0073299482 398 142 434 246
person 0.00745887 382 132 494 375
person 0.009146822 0 107 9 181
person 0.012947369 484 162 500 375
person 0.014246297 479 129 500 304
person 0.01476902 5 109 22 159
person 0.015193253 3 272 24 375
person 0.01752276 21 140 63 219
person 0.019504853 1 136 15 375
person 0.021870596 2 142 59 328
person 0.033067856 0 116 27 375
person 0.04158417 372 116 417 207
person 0.055564273 9 168 85 234
person 0.11977953 377 115 440 237
person 0.12343257 1 117 24 237
person 0.2611403 9 130 47 226
person 0.46595243 450 131 500 375
person 0.6703228 362 141 439 361
person 0.85129124 269 107 350 371
person 0.8814667 142 90 230 365
motorbike 0.0076282443 9 168 85 234
car 0.014015701 234 104 412 185
bicycle 0.006103417 2 142 59 328
bicycle 0.012609777 0 189 93 355
bicycle 0.122877486 0 163 105 273
bicycle 0.85282475 11 179 91 244
