person 0.0065809507 2 13 68 133
person 0.007696437 169 46 359 222
person 0.008454505 86 11 119 66
person 0.010485235 95 16 115 45
person 0.017900964 201 16 219 43
person 0.01861353 8 0 104 106
person 0.06703966 192 22 288 135
person 0.48750198 43 0 119 148
person 0.5858026 2 40 85 222
person 0.6663281 264 75 375 222
person 0.9340097 205 20 368 157
person 0.93902826 334 108 399 220
diningtable 0.005328456 13 79 323 214
diningtable 0.8352751 62 104 278 185
bottle 0.0075822603 146 8 156 50
bottle 0.007937586 136 1 157 47
bottle 0.011672586 158 72 172 100
bottle 0.022179602 152 10 162 48
bottle 0.023149863 144 1 157 30
bottle 0.06502624 150 2 161 29
bottle 0.2207647 161 21 172 54
bottle 0.2209588 192 100 212 163
