sheep 0.017270656 2 137 26 164
sheep 0.082324825 154 196 217 255
person 0.005705531 1 124 24 165
person 0.009286957 0 115 13 171
horse 0.0052374643 0 112 23 198
horse 0.02432612 2 137 26 164
horse 0.0246842 154 196 217 255
dog 0.014863507 155 197 216 243
cow 0.0064269095 219 109 429 290
cow 0.012763179 0 128 14 172
cow 0.015214415 0 112 23 198
cow 0.1254668 2 137 26 164
cow 0.7068185 227 130 346 227
cow 0.85359836 155 197 216 243
car 0.0051028007 0 115 13 171
car 0.016545476 1 124 24 165
bird 0.0090540275 155 197 216 243
