sofa 0.018407492 275 155 500 375
pottedplant 0.011338955 300 0 365 54
pottedplant 0.017670909 472 9 498 74
person 0.0059230523 433 63 499 174
person 0.0060008424 0 38 10 317
person 0.012441869 0 97 137 266
person 0.013107833 12 63 123 156
person 0.013781247 45 78 90 153
person 0.015253467 0 28 28 247
person 0.015817836 0 62 54 177
person 0.020599186 0 59 18 219
person 0.040493365 75 121 277 348
person 0.10878787 266 64 399 205
person 0.20828725 0 57 31 142
person 0.70344687 328 59 426 211
person 0.8468094 210 61 280 154
person 0.9381361 76 49 150 144
person 0.9762874 264 63 336 173
person 0.983159 0 81 187 359
person 0.9983083 245 66 494 375
diningtable 0.0074144793 30 100 235 352
diningtable 0.0113538895 168 61 498 375
diningtable 0.9859644 59 137 379 375
chair 0.007382163 0 207 60 375
chair 0.009300536 1 141 15 331
chair 0.010144459 305 61 423 212
chair 0.012623661 400 99 436 132
chair 0.019029407 221 119 500 375
chair 0.035447195 0 169 94 343
chair 0.13630356 407 224 500 367
chair 0.8312519 281 227 500 370
chair 0.9968909 0 232 161 375
bottle 0.0057780384 240 111 253 158
bottle 0.007006238 173 109 197 169
bottle 0.014024338 231 117 243 170
bottle 0.028800502 86 116 99 154
bottle 0.03881753 245 132 261 176
bottle 0.047842752 259 133 274 172
bottle 0.050115466 210 116 225 174
bottle 0.05590516 150 97 165 154
bottle 0.06342232 160 101 175 169
bottle 0.09105112 216 126 231 181
bottle 0.13216282 210 132 234 217
bottle 0.15357873 198 111 212 175
bottle 0.3065944 143 102 158 150
bottle 0.6166062 241 139 265 220
bottle 0.6350226 191 110 207 174
