sofa 0.0054212175 11 148 83 190
sofa 0.006165121 438 155 498 222
sofa 0.0065915096 322 158 390 216
sofa 0.062455777 415 171 492 236
pottedplant 0.0069426233 18 147 109 191
person 0.009828667 369 135 391 168
person 0.012621098 11 148 83 190
person 0.014067625 410 139 491 234
person 0.01711397 339 137 358 168
person 0.017969975 142 145 177 198
person 0.019260582 401 136 434 201
person 0.022832023 452 149 495 228
person 0.023944626 491 135 499 224
person 0.04610236 378 142 417 179
person 0.048014235 334 152 372 218
person 0.05356887 358 134 382 167
person 0.0548758 309 126 334 203
person 0.08414186 356 148 392 220
person 0.098627836 377 137 402 168
person 0.11948438 408 140 445 179
person 0.22375642 478 135 499 238
person 0.28857765 317 130 349 209
person 0.43446645 376 143 415 224
person 0.87486863 406 138 448 232
person 0.9985571 162 9 327 272
diningtable 0.007045594 358 173 430 225
diningtable 0.02694059 436 171 497 234
diningtable 0.032250423 322 158 390 216
chair 0.0052669495 397 140 436 230
chair 0.005688426 312 167 333 213
chair 0.006026244 492 164 498 253
chair 0.007517103 491 135 499 224
chair 0.009872954 322 174 391 219
chair 0.012635815 336 157 411 217
chair 0.017295718 376 143 415 224
chair 0.01927547 358 173 430 225
chair 0.036554046 356 148 392 220
chair 0.039017472 476 158 498 243
chair 0.06464803 334 152 372 218
chair 0.08025349 319 150 352 215
chair 0.09895522 11 148 83 190
chair 0.12722415 408 165 450 232
chair 0.28514248 415 171 492 236
car 0.0110443905 11 148 83 190
