person 0.0061900923 287 178 301 194
person 0.006670647 218 70 250 159
person 0.0073049287 265 179 281 209
person 0.0074573793 295 186 307 203
person 0.013868631 277 177 294 209
person 0.015321766 287 186 300 204
person 0.01716866 280 185 290 203
person 0.023242896 267 186 277 205
person 0.026021633 284 177 303 208
person 0.5831741 298 126 347 262
person 0.6494799 330 82 382 193
person 0.9503285 328 134 386 267
person 0.99764794 203 66 248 206
person 0.9998722 92 61 147 205
horse 0.008255981 1 164 61 211
horse 0.016725225 194 87 255 250
horse 0.12762807 328 115 384 274
horse 0.13637389 298 126 347 262
horse 0.23599212 375 131 442 255
horse 0.4732075 195 121 304 257
horse 0.6880666 291 121 432 261
horse 0.99609566 57 113 208 263
car 0.009229774 8 171 59 201
car 0.01379436 0 188 33 214
car 0.036282074 0 180 48 210
