person 0.0071015162 436 183 457 237
person 0.007213539 123 195 139 244
person 0.008805844 415 171 435 198
person 0.012062251 100 149 118 196
person 0.013531669 382 179 394 193
person 0.014215755 188 204 216 295
person 0.015751166 283 191 301 249
person 0.015752355 396 164 432 235
person 0.017800374 110 151 128 195
person 0.023296563 112 157 138 238
person 0.028690416 301 180 318 241
person 0.032914173 93 147 110 198
person 0.06305156 422 178 452 244
person 0.11599936 264 184 291 257
person 0.8179838 208 191 235 289
person 0.87272507 434 175 470 247
person 0.9029464 245 190 277 256
person 0.9462848 286 180 315 259
person 0.9701486 459 175 493 245
person 0.980835 168 199 197 298
motorbike 0.009137456 423 182 488 244
motorbike 0.012029376 422 178 452 244
car 0.009479575 378 169 444 227
car 0.010362393 234 192 288 252
car 0.05325946 423 182 488 244
car 0.9398862 292 169 432 270
bus 0.015972715 224 138 344 233
bus 0.019208904 291 158 432 246
bus 0.9999229 18 116 334 282
