person 0.0054503945 368 15 430 142
person 0.007385766 379 8 395 48
person 0.0078054112 107 0 142 50
person 0.008425719 370 14 393 61
person 0.008692377 129 0 147 38
person 0.009286718 2 0 61 131
person 0.009295675 373 22 407 101
person 0.016599352 423 1 483 158
person 0.035095524 476 1 500 132
person 0.64242536 452 4 498 160
person 0.84376866 390 3 465 152
motorbike 0.007996803 364 28 399 88
car 0.007672862 379 12 488 145
car 0.008638734 363 37 410 62
car 0.014434529 107 0 142 50
car 0.026490677 8 6 125 109
car 0.04593755 368 38 394 75
car 0.99992526 70 0 426 278
