tvmonitor 0.0068958323 350 0 439 125
tvmonitor 0.08493157 1 0 50 90
sofa 0.00660159 121 122 375 374
pottedplant 0.0096437475 436 134 499 291
pottedplant 0.6338395 398 13 497 282
person 0.2683604 344 100 394 225
person 0.9812996 121 122 375 374
diningtable 0.022901703 0 167 142 375
chair 0.0065347613 96 248 245 374
chair 0.011847756 186 115 382 375
chair 0.020721981 335 109 384 239
chair 0.07539051 209 126 245 234
chair 0.15490584 165 95 234 226
bottle 0.006150913 0 143 19 288
bottle 0.0064250897 3 132 11 212
bottle 0.020612838 4 146 21 199
bottle 0.02980575 2 129 24 226
bottle 0.07710659 16 148 32 203
bottle 0.39802384 14 137 41 220
