tvmonitor 0.010999853 205 237 375 300
sofa 0.005406604 90 110 256 300
sofa 0.026181402 80 46 378 300
sofa 0.041462652 221 10 356 226
person 0.0051400955 0 0 5 64
person 0.0056424355 0 0 12 96
person 0.014754257 0 3 88 291
person 0.015317462 284 0 377 120
person 0.07792839 351 0 399 280
person 0.27747962 23 0 114 187
person 0.5239272 106 0 175 109
person 0.9476859 268 7 383 225
person 0.9658654 217 8 308 226
person 0.9944852 118 50 269 299
chair 0.009973032 217 8 308 226
chair 0.011334587 262 31 389 252
chair 0.07431165 108 0 173 127
chair 0.16981468 67 102 167 272
chair 0.37379825 90 110 256 300
