person 0.005518609 0 121 24 167
person 0.0067441077 1 112 8 194
person 0.0069034826 1 95 13 373
person 0.012424947 69 220 450 375
person 0.014138166 327 147 416 275
person 0.016548963 118 147 174 285
person 0.018382302 1 75 27 355
person 0.03382454 0 0 29 245
person 0.044870794 1 41 19 199
person 0.12766188 131 148 170 213
person 0.2160164 2 99 25 221
person 0.46044624 173 115 259 230
person 0.6254365 272 127 397 254
person 0.9541691 368 96 500 295
person 0.999007 0 112 169 364
diningtable 0.916148 51 223 500 372
chair 0.005256353 369 128 500 294
chair 0.0069930344 386 163 432 202
bottle 0.010078705 290 209 317 301
bottle 0.016193237 301 194 332 285
bottle 0.018859442 361 265 397 354
