person 0.010089363 1 0 10 76
person 0.010678327 481 42 498 197
person 0.010872166 443 16 495 185
person 0.014970104 294 0 377 140
person 0.01935423 84 0 117 54
person 0.026168177 416 86 489 154
person 0.027999569 13 0 48 61
person 0.028689109 1 3 26 79
person 0.031960417 294 3 332 84
person 0.03373518 26 0 64 55
person 0.04501972 418 64 495 215
person 0.046670407 50 1 82 54
person 0.06350074 477 4 499 118
person 0.064490624 455 6 483 92
person 0.07163807 438 30 498 324
person 0.12839071 13 68 399 375
person 0.21935733 185 90 332 204
person 0.5620717 444 13 471 107
person 0.9065526 179 85 376 288
person 0.9940955 361 0 426 155
motorbike 0.0054027676 142 3 290 121
motorbike 0.005497855 12 5 79 72
motorbike 0.0056817923 0 67 57 249
motorbike 0.008153158 62 6 202 83
motorbike 0.0098249065 0 33 64 169
motorbike 0.0105185555 185 90 332 204
motorbike 0.035996407 147 87 373 356
motorbike 0.03922841 5 30 176 113
motorbike 0.19342642 0 50 132 164
motorbike 0.4149424 0 42 186 254
motorbike 0.61467326 292 5 378 159
motorbike 0.8358493 0 49 360 375
chair 0.010111792 156 160 417 359
