tvmonitor 0.0071312743 204 144 228 180
tvmonitor 0.00851614 17 100 41 175
tvmonitor 0.010729897 104 114 138 169
tvmonitor 0.011502362 33 55 75 81
tvmonitor 0.012019272 37 57 90 108
tvmonitor 0.014916179 74 44 89 71
tvmonitor 0.01973336 358 87 451 186
tvmonitor 0.027783383 395 75 431 129
tvmonitor 0.029986827 29 111 63 169
tvmonitor 0.03285777 212 134 306 180
tvmonitor 0.036920387 360 73 426 129
tvmonitor 0.03842821 33 76 51 108
tvmonitor 0.039000973 33 55 55 96
tvmonitor 0.060495116 219 124 358 188
tvmonitor 0.07778877 0 55 21 181
tvmonitor 0.1625317 45 116 83 167
tvmonitor 0.25396955 89 116 126 169
tvmonitor 0.40809527 372 131 447 197
tvmonitor 0.86603004 450 138 500 213
tvmonitor 0.9786332 55 71 88 104
chair 0.91185766 0 175 88 303
chair 0.9133425 199 196 326 333
