person 0.013201027 251 0 332 63
person 0.013423969 2 16 12 32
person 0.015766034 78 33 93 97
person 0.018968796 195 41 225 130
person 0.02058523 56 26 72 63
person 0.024565516 51 27 64 81
person 0.027708586 18 26 32 78
person 0.028749764 132 0 173 26
person 0.035505883 71 34 79 56
person 0.048288587 82 32 103 111
person 0.0565739 66 37 81 103
person 0.08792612 7 24 30 109
person 0.24263647 9 27 25 77
person 0.3109243 49 30 70 110
person 0.378336 185 0 233 129
person 0.49103087 1 25 16 79
person 0.6534412 69 39 94 120
person 0.96871644 29 29 57 114
person 0.99034655 278 34 333 282
person 0.9982984 71 18 261 391
motorbike 0.012729089 139 0 266 103
motorbike 0.02531696 105 2 172 56
motorbike 0.090743646 89 77 293 345
motorbike 0.24570209 251 0 332 63
motorbike 0.9996883 44 112 304 500
car 0.007984962 265 40 331 254
car 0.017559197 105 2 172 56
