sofa 0.012702887 111 154 300 257
sofa 0.19039692 20 160 159 263
bottle 0.005419485 235 209 255 249
bottle 0.0058256113 375 226 391 269
bottle 0.007630005 168 222 205 251
bottle 0.009525919 381 226 396 281
bottle 0.011266521 160 222 175 253
bottle 0.012948596 222 196 255 262
bottle 0.015828287 174 221 184 242
bottle 0.020023275 194 219 201 243
bottle 0.022644969 196 218 215 254
bottle 0.031038923 279 168 307 257
bottle 0.03131758 192 219 205 253
bottle 0.03153225 178 220 194 254
bottle 0.047364824 390 210 405 280
bottle 0.06111015 212 203 224 258
bottle 0.08716047 150 221 169 254
bottle 0.1644002 216 198 232 261
bottle 0.1699307 173 220 187 255
bottle 0.7039066 396 209 418 281
bottle 0.77012753 384 214 398 267
