pottedplant 0.01136409 228 37 278 93
pottedplant 0.021973966 223 23 243 59
pottedplant 0.04354811 220 20 259 49
person 0.011758578 36 156 129 289
person 0.07549913 117 207 375 456
person 0.082768954 116 129 189 203
person 0.17197727 32 153 172 348
person 0.22372405 61 134 174 227
person 0.48743373 72 146 134 255
person 0.68718415 293 140 363 267
person 0.9407993 169 132 227 220
person 0.984484 313 175 375 375
person 0.9955717 244 125 314 272
person 0.9971993 1 224 160 490
diningtable 0.005802049 148 342 374 500
diningtable 0.9961159 100 207 360 459
chair 0.006655243 168 132 229 217
chair 0.016389119 0 273 162 500
bottle 0.005259316 173 203 187 247
bottle 0.018336434 155 183 173 212
bottle 0.018860057 167 201 182 251
bottle 0.54566854 181 282 199 361
bottle 0.9400315 246 309 265 390
