person 0.014271475 0 283 7 375
person 0.020414397 3 287 22 375
person 0.03053065 239 214 275 270
person 0.032326438 279 222 292 275
person 0.03312753 110 208 129 237
person 0.23424289 398 214 427 293
person 0.6147601 388 214 412 285
person 0.8115383 354 211 383 285
person 0.90803796 410 218 446 299
car 0.006318373 125 222 174 239
car 0.0069030738 145 238 183 311
car 0.0070961723 128 244 169 274
car 0.011718272 1 209 12 253
car 0.011746582 1 218 8 246
car 0.013652139 0 222 24 257
car 0.018595574 48 206 79 232
car 0.022480484 234 213 290 267
car 0.03186933 400 225 460 289
car 0.99405795 168 224 243 290
car 0.99892193 16 229 173 357
bus 0.015829336 0 191 65 240
