person 0.0050380602 100 98 139 153
person 0.006739431 147 194 173 229
person 0.0080363 195 88 238 162
person 0.00956868 0 123 7 205
person 0.009981243 231 109 296 207
person 0.025226371 17 131 49 229
person 0.028601171 1 161 10 243
person 0.043538343 130 179 150 224
person 0.15389052 1 154 21 234
person 0.26906225 244 105 287 166
person 0.676252 95 112 133 200
person 0.85387754 180 85 224 169
person 0.9913806 28 126 64 228
boat 0.0071587916 0 126 108 249
boat 0.00862813 77 110 140 170
boat 0.011858417 107 126 181 188
boat 0.013507103 124 99 196 147
boat 0.0146125145 403 112 498 169
boat 0.029904462 44 114 123 162
boat 0.032923967 24 102 111 143
boat 0.04147092 249 301 488 373
boat 0.99807686 90 108 411 339
