sofa 0.013100232 148 213 431 369
sofa 0.089893855 22 139 472 370
person 0.006971969 249 201 402 332
person 0.0076057324 13 206 240 369
person 0.569963 3 173 134 375
person 0.98108435 211 104 441 369
motorbike 0.008077347 9 202 182 370
horse 0.009783404 1 148 435 360
horse 0.30721468 0 175 191 372
chair 0.067961395 98 121 470 375
chair 0.2810307 198 205 445 373
car 0.009468631 22 139 472 370
boat 0.007928748 204 80 461 312
boat 0.011925983 0 40 309 344
boat 0.016486522 50 205 202 329
boat 0.19978444 14 167 233 368
boat 0.8375319 22 139 472 370
