train 0.009522432 299 104 499 323
person 0.005607756 216 75 231 118
person 0.005808328 50 109 69 152
person 0.006831889 5 93 26 129
person 0.0077117095 18 84 29 106
person 0.008329372 25 119 47 161
person 0.0103911 47 108 63 126
person 0.020192983 340 126 379 154
person 0.032268018 210 80 224 115
person 0.04152305 27 114 62 151
person 0.09424798 13 85 29 123
person 0.10202762 20 113 83 162
person 0.28137556 72 110 88 158
person 0.49100375 44 110 65 139
person 0.49894345 102 94 116 152
person 0.55272496 96 92 108 154
person 0.96737695 293 122 427 333
person 0.9906446 203 123 287 331
motorbike 0.013072523 299 104 499 323
chair 0.00893702 299 104 499 323
car 0.028213287 20 113 83 162
car 0.08896013 299 104 499 323
car 0.93891716 119 84 198 130
aeroplane 0.014016795 299 104 499 323
