person 0.034501012 29 68 42 110
person 0.035037365 342 55 363 100
person 0.0361739 15 69 30 107
person 0.039492656 379 58 395 115
person 0.040046636 134 59 148 115
person 0.041205075 334 56 350 94
person 0.057902575 87 64 100 112
person 0.07878254 480 74 496 121
person 0.0866342 65 68 79 109
person 0.118858434 46 70 62 115
person 0.13467959 488 73 500 155
person 0.19778292 36 71 49 115
person 0.25506654 55 71 67 114
person 0.2749161 92 63 106 115
person 0.3637272 346 53 373 110
person 0.3946065 480 65 500 144
person 0.7601978 360 55 390 114
person 0.92320764 414 55 446 148
person 0.9672554 404 55 434 142
person 0.9827737 436 57 463 149
car 0.008253309 396 64 467 138
car 0.9997916 38 30 447 317
