sheep 0.005455302 85 198 132 228
sheep 0.012893547 145 179 165 201
sheep 0.019945998 307 192 338 211
person 0.021322848 145 179 165 201
horse 0.10569723 18 198 70 233
horse 0.14552684 309 190 336 212
horse 0.16672051 145 180 165 202
horse 0.2806349 85 198 132 228
horse 0.36301804 360 192 387 226
horse 0.49837682 462 191 494 222
dog 0.0076674796 380 207 472 249
dog 0.011584893 309 190 336 212
dog 0.026363805 145 179 165 201
dog 0.031895947 17 198 73 233
dog 0.032465797 89 199 131 231
cow 0.006808421 476 197 494 221
cow 0.007072916 444 190 500 234
cow 0.008461683 33 196 146 229
cow 0.37974802 145 180 165 202
cow 0.46043986 17 198 73 233
cow 0.8065633 85 198 132 228
cow 0.8100228 357 196 386 224
cow 0.8404946 309 190 336 212
cow 0.8666394 462 191 494 222
cow 0.9714232 380 207 472 249
