person 0.0064081843 237 67 273 125
person 0.006526455 243 84 265 121
person 0.0065765306 176 94 264 219
person 0.008196096 225 75 263 159
person 0.0082225185 476 32 497 161
person 0.009442676 236 73 258 115
person 0.013102195 1 92 16 261
person 0.018896194 184 89 381 333
person 0.029817466 452 26 499 164
person 0.13224271 256 85 294 119
person 0.2243934 224 51 264 114
person 0.9744063 144 77 293 330
person 0.99753773 3 43 274 333
person 0.9998133 307 110 500 324
bottle 0.005195939 342 200 360 239
bottle 0.010102516 324 192 343 230
bottle 0.021623613 333 194 349 228
bottle 0.27887633 458 241 500 333
