pottedplant 0.005567664 292 80 384 155
pottedplant 0.0055702366 117 51 369 225
pottedplant 0.006629979 390 6 470 71
pottedplant 0.0074212733 433 1 474 79
pottedplant 0.008098307 388 52 471 116
pottedplant 0.012053648 358 0 467 117
pottedplant 0.012662117 251 125 383 205
pottedplant 0.013330491 412 64 491 129
pottedplant 0.017151374 475 20 499 135
pottedplant 0.02624997 402 199 500 332
pottedplant 0.05540438 231 5 318 154
pottedplant 0.12024952 222 97 301 144
pottedplant 0.16716832 360 3 430 71
pottedplant 0.30482703 442 0 498 129
pottedplant 0.43076527 287 16 385 174
pottedplant 0.86014974 377 43 455 155
dog 0.024990387 98 96 241 192
dog 0.9651777 85 109 352 208
cat 0.09171333 177 124 381 214
