tvmonitor 0.00527968 1 98 7 189
sofa 0.029874828 288 160 442 375
sofa 0.03171337 62 116 189 316
sofa 0.033418734 154 164 358 362
sofa 0.03630126 104 135 247 315
sofa 0.08084692 357 179 500 375
person 0.005869079 265 150 385 240
person 0.0062750606 473 108 498 375
person 0.009274782 303 139 379 371
person 0.02898299 243 156 315 246
person 0.3660962 340 159 403 267
person 0.39436892 123 112 210 323
person 0.48319513 332 147 412 362
person 0.5381294 304 150 367 274
person 0.5530748 145 148 274 314
person 0.6477554 55 40 187 173
person 0.9819323 47 62 172 320
person 0.99458927 198 204 370 375
person 0.9972828 367 146 495 372
chair 0.0058478494 190 288 375 373
chair 0.016190467 357 179 500 375
chair 0.016337102 104 135 247 315
chair 0.085602485 62 116 189 316
