person 0.005417776 158 225 177 252
person 0.0055786464 59 194 81 227
person 0.006792203 24 190 114 228
person 0.007018836 86 164 327 262
person 0.013622981 76 191 125 225
person 0.014672017 341 181 408 218
person 0.064644605 62 192 103 227
car 0.0057151425 343 187 396 214
car 0.006219355 59 191 107 216
car 0.014390555 35 191 87 214
car 0.022135003 340 193 440 233
car 0.022375686 99 196 141 226
car 0.03323949 0 177 69 224
car 0.043324076 24 190 114 228
car 0.09021566 60 192 148 232
car 0.24067023 18 194 71 222
bus 0.020156983 0 177 69 224
bus 0.020201564 36 183 137 221
boat 0.005739277 338 195 386 223
boat 0.009698584 343 187 396 214
boat 0.009951627 353 196 469 234
boat 0.05296364 348 195 479 278
boat 0.13728954 86 164 327 262
boat 0.1545242 335 190 419 232
boat 0.8738927 60 200 360 288
