train 0.015867526 145 188 191 214
train 0.14986955 63 186 157 244
train 0.17771941 88 179 152 223
person 0.0051350556 65 202 146 254
person 0.0054716766 169 208 184 247
person 0.0055267247 67 208 80 247
person 0.006602221 8 213 40 242
person 0.0068815323 9 208 19 231
person 0.010341624 1 207 8 232
person 0.013678685 72 220 91 256
person 0.02502594 1 206 11 250
person 0.037438717 54 204 69 240
person 0.10299567 7 210 22 244
person 0.11250075 38 211 51 241
person 0.11338484 19 203 31 241
person 0.15770286 26 206 38 238
person 0.19424066 75 202 109 256
person 0.20592147 45 206 58 239
car 0.007492957 1 206 11 250
car 0.023565225 7 210 22 244
car 0.024053074 8 213 40 242
bus 0.0065261307 63 186 157 244
bus 0.011073961 106 185 150 219
