sofa 0.005444977 23 170 159 290
sofa 0.027708093 349 143 500 371
sofa 0.04513211 19 163 247 352
sofa 0.071730815 286 136 444 371
pottedplant 0.0064139436 317 130 389 182
pottedplant 0.0066546714 303 108 332 176
pottedplant 0.008680322 350 148 388 178
pottedplant 0.0101085445 477 90 498 154
pottedplant 0.011363623 149 163 273 295
pottedplant 0.013965568 411 156 446 192
pottedplant 0.015508226 419 132 494 193
pottedplant 0.016213771 331 134 371 159
pottedplant 0.016856214 340 140 379 169
pottedplant 0.016939353 439 108 495 168
pottedplant 0.027864216 307 114 373 171
pottedplant 0.069766894 454 97 493 151
pottedplant 0.071251765 39 178 226 289
pottedplant 0.143243 45 193 131 305
pottedplant 0.95501345 130 200 199 304
person 0.008726229 180 153 223 240
person 0.00906491 19 163 247 352
person 0.011085827 301 131 419 238
person 0.012937011 436 126 495 189
person 0.015323872 1 168 24 266
person 0.01835218 1 166 60 307
person 0.02213455 307 114 373 171
person 0.02797011 116 174 243 296
person 0.028789258 82 156 123 193
person 0.03044961 333 148 404 375
person 0.04445932 23 144 104 206
person 0.04515453 317 130 389 182
person 0.052808132 23 170 159 290
person 0.06944768 313 126 351 188
person 0.07585998 321 154 394 277
person 0.21219264 9 141 93 252
person 0.51141304 177 154 256 288
person 0.54179907 87 153 156 206
person 0.5659538 275 142 390 365
person 0.9959009 313 135 491 375
dog 0.007188544 149 163 273 295
diningtable 0.013077125 39 178 226 289
chair 0.0052982504 350 148 388 178
chair 0.008266058 340 140 379 169
chair 0.013055981 317 130 389 182
chair 0.11495685 312 196 500 375
chair 0.13498673 149 163 273 295
bottle 0.0053812168 313 126 351 188
bottle 0.0070493454 478 103 498 146
bottle 0.007507724 488 94 499 155
