person 0.006481703 472 0 498 39
person 0.13207193 189 74 359 277
person 0.4250538 173 0 202 58
person 0.9004315 188 33 315 215
motorbike 0.0060941493 471 0 498 48
motorbike 0.012187316 0 0 47 34
motorbike 0.013489677 388 0 478 35
motorbike 0.027897246 0 0 25 50
motorbike 0.35344926 3 0 86 37
motorbike 0.99959683 194 104 361 285
car 0.008924424 267 0 455 53
car 0.016127104 0 0 25 36
car 0.017875353 314 4 428 41
car 0.020102514 471 0 498 48
car 0.026991086 97 0 186 53
car 0.036383092 82 0 263 59
car 0.115085185 438 0 499 37
car 0.21461055 388 0 478 35
car 0.32131758 3 0 86 37
car 0.48218364 147 0 422 60
bus 0.019237204 301 3 410 42
bus 0.43405327 147 0 422 60
bicycle 0.008842439 0 0 47 34
