sofa 0.0626587 234 117 497 326
sofa 0.8693184 21 70 468 372
pottedplant 0.008412125 454 62 499 129
pottedplant 0.008554473 476 3 496 52
pottedplant 0.008601088 471 39 497 124
pottedplant 0.016316848 449 0 490 59
pottedplant 0.036607824 438 9 476 78
pottedplant 0.087878644 438 7 498 119
person 0.005817551 189 40 204 79
person 0.0062526986 26 43 168 170
person 0.013812544 191 41 221 94
person 0.024660535 36 36 224 259
person 0.024953408 194 42 253 95
person 0.063038036 328 155 418 203
person 0.1071385 179 96 395 353
person 0.10923991 243 97 487 268
person 0.3860511 267 128 450 227
person 0.69297135 371 61 487 216
person 0.8867836 40 68 301 366
dog 0.009933725 328 155 418 203
diningtable 0.005354623 249 156 497 370
chair 0.0050579053 16 27 183 265
chair 0.4895302 22 70 251 367
