person 0.010787707 327 153 363 180
person 0.012392591 44 88 57 103
boat 0.005048711 41 91 57 104
boat 0.0058294544 238 43 277 61
boat 0.006028186 206 37 255 57
boat 0.0063028345 45 128 257 214
boat 0.007189543 203 39 239 67
boat 0.0073431255 246 48 267 59
boat 0.007959994 205 49 236 76
boat 0.010606398 64 31 223 97
boat 0.0108017465 59 59 144 101
boat 0.011696105 227 48 251 60
boat 0.011703923 128 45 221 92
boat 0.013053559 24 89 68 109
boat 0.018926123 186 60 239 81
boat 0.033549786 0 7 80 126
boat 0.09313661 221 43 260 64
boat 0.09953069 0 83 77 119
boat 0.9975536 39 106 375 233
bird 0.01606755 125 239 197 289
bicycle 0.9999831 3 235 375 500
