person 0.00567561 480 6 491 26
person 0.00666903 492 6 499 27
person 0.007078778 476 3 496 34
person 0.008385326 243 6 276 67
person 0.009646833 169 3 179 32
person 0.011659206 434 14 479 74
person 0.01494059 21 8 66 42
person 0.063141264 152 1 169 34
person 0.07173764 491 0 499 91
person 0.07371953 273 1 293 39
person 0.19365501 265 5 286 42
person 0.2070374 454 3 492 81
person 0.3099887 474 3 497 83
person 0.605546 239 1 268 39
person 0.6629592 160 3 178 33
person 0.6847174 281 5 307 46
person 0.9900277 391 0 426 107
car 0.007244224 28 18 75 52
car 0.009014232 474 3 497 83
car 0.009266778 144 1 177 34
car 0.009919836 0 22 7 51
car 0.012521889 23 18 147 62
car 0.020345157 23 30 106 79
car 0.085666865 21 8 66 42
car 0.274327 58 4 195 78
car 0.45964518 433 12 499 73
car 0.5057446 83 3 165 49
car 0.7103213 1 32 55 95
car 0.8360206 14 11 85 67
car 0.99979067 31 22 487 313
