sheep 0.07553042 351 215 383 271
person 0.005426413 150 213 214 253
person 0.0063636093 151 209 162 221
person 0.006890745 207 216 218 239
person 0.010983106 94 219 102 237
person 0.013781091 179 217 195 228
person 0.0140550295 178 213 217 235
person 0.017434888 188 216 204 228
person 0.01984485 145 215 159 229
person 0.023969142 90 209 98 235
person 0.027022965 118 219 129 232
person 0.040496904 149 212 163 231
person 0.077599764 169 219 193 248
person 0.11929131 53 210 73 234
person 0.1422316 200 210 219 237
person 0.14956942 110 223 145 255
person 0.330191 180 219 209 257
person 0.66818833 114 220 134 247
person 0.8120496 90 199 105 238
person 0.84766173 143 213 167 252
horse 0.23544492 352 217 383 275
dog 0.074518494 351 215 383 271
cow 0.16491592 352 217 383 275
boat 0.00870475 191 210 220 236
boat 0.020923901 181 215 213 250
boat 0.037586354 132 223 170 255
boat 0.040340792 48 211 77 233
bird 0.031827778 54 211 73 229
