sofa 0.033177216 9 192 252 375
person 0.013608169 2 40 29 375
person 0.01612591 138 223 225 363
person 0.028136095 133 235 196 303
person 0.10450404 175 209 500 367
person 0.18677449 6 42 102 342
person 0.23511043 2 17 57 375
person 0.45548138 381 90 498 231
person 0.63562953 372 251 495 375
person 0.98083353 209 58 343 207
person 0.99933124 8 147 251 373
diningtable 0.006745226 199 188 463 278
diningtable 0.9994391 175 184 487 369
chair 0.0055764257 202 62 331 207
chair 0.03181847 138 223 225 363
chair 0.24919674 9 192 252 375
bottle 0.012219905 376 221 412 284
bottle 0.014086128 389 240 425 312
