person 0.99988854 182 9 332 493
dog 0.006443119 0 403 62 468
dog 0.010372537 0 441 64 500
dog 0.05807571 3 387 74 500
dog 0.79200935 117 355 204 500
dog 0.99907845 0 281 151 478
bottle 0.0051721158 359 144 373 195
bottle 0.00564802 361 119 375 159
bottle 0.0056512253 68 93 86 151
bottle 0.009891678 31 107 60 182
bottle 0.0110902535 338 148 360 218
bottle 0.034587506 331 149 345 224
bottle 0.045672394 347 156 364 198
bottle 0.06325167 51 98 75 185
bottle 0.066983126 62 98 88 183
bottle 0.07642841 41 108 58 150
bottle 0.14523882 318 151 340 220
