person 0.0064979433 200 168 214 184
person 0.023095638 363 176 455 294
person 0.025112372 359 169 433 225
person 0.8128093 317 166 382 268
person 0.96852565 194 154 276 315
person 0.97512317 76 138 257 369
motorbike 0.005773177 148 159 279 358
motorbike 0.011323168 317 173 384 258
motorbike 0.1234358 40 225 286 365
motorbike 0.17279732 321 193 363 273
motorbike 0.45052397 200 214 281 372
motorbike 0.5027334 334 172 475 279
chair 0.17579134 38 253 237 372
car 0.0073678377 447 164 486 186
car 0.011267695 57 146 236 365
car 0.011441779 316 164 388 231
car 0.027376587 437 165 500 274
car 0.054749537 359 169 433 225
car 0.05838689 371 195 487 312
car 0.73508364 435 174 499 227
car 0.76687276 334 172 475 279
bicycle 0.006381032 203 236 276 375
bicycle 0.006947383 53 248 277 371
