person 0.0072929314 20 78 327 436
person 0.0106765 84 5 122 82
person 0.014154733 6 0 69 55
person 0.04807912 16 412 219 497
person 0.6407282 95 4 222 207
person 0.99010324 44 48 210 305
dog 0.85268444 0 408 197 497
diningtable 0.008976036 7 2 160 202
diningtable 0.047602452 0 38 129 156
diningtable 0.37832755 3 41 192 308
chair 0.008701698 62 5 214 202
chair 0.011279112 40 251 333 450
chair 0.020668648 4 138 71 300
chair 0.034977827 36 86 211 397
cat 0.009849179 0 408 197 497
car 0.005262242 9 66 195 346
bicycle 0.009121746 51 111 269 384
bicycle 0.99044037 12 222 333 429
