sofa 0.048121568 25 117 317 339
sofa 0.56186795 78 138 494 366
person 0.00536638 0 33 110 354
person 0.0063139074 0 0 31 352
person 0.07128661 133 199 287 303
person 0.22290859 25 117 317 339
person 0.33835012 0 94 60 374
person 0.9855425 37 79 173 360
person 0.98739845 93 93 481 371
motorbike 0.01336491 122 138 500 369
dog 0.005408334 160 208 278 266
dog 0.012212758 100 165 316 356
dog 0.12897341 133 199 287 303
diningtable 0.0069853757 103 153 476 355
diningtable 0.00871028 434 167 499 230
diningtable 0.0097019 445 204 499 350
chair 0.005094634 485 137 499 336
chair 0.007949661 57 160 301 363
chair 0.010455472 0 94 60 374
chair 0.012225486 381 206 491 345
chair 0.02138793 129 187 295 280
chair 0.035381265 478 220 498 363
chair 0.054031804 155 152 490 361
chair 0.13577724 448 223 498 360
car 0.021452796 78 138 494 366
