sofa 0.0054695937 227 192 344 346
sofa 0.02586648 170 220 318 375
pottedplant 0.015980225 345 182 412 249
pottedplant 0.026665676 478 131 500 274
person 0.017369086 301 188 366 328
person 0.80194074 292 122 351 272
person 0.9060438 477 139 500 295
person 0.94321215 252 184 334 357
person 0.9617265 175 175 328 371
diningtable 0.00547017 305 233 372 341
diningtable 0.006618023 170 220 318 375
chair 0.00504428 152 149 208 319
chair 0.006296805 310 242 355 335
chair 0.011813902 299 147 361 322
chair 0.02030523 181 296 264 370
chair 0.028924644 248 214 339 362
chair 0.03268392 299 229 369 281
chair 0.46719518 170 220 318 375
chair 0.47804943 315 224 389 332
