sofa 0.0061685634 171 391 375 494
pottedplant 0.011975029 61 303 103 371
pottedplant 0.0129950205 0 249 16 297
pottedplant 0.014404968 123 255 143 291
pottedplant 0.015231967 4 258 41 336
pottedplant 0.019451316 112 258 137 291
pottedplant 0.020947687 85 300 124 377
pottedplant 0.021123342 75 270 95 315
pottedplant 0.023896487 19 248 37 281
pottedplant 0.024751756 133 250 152 296
pottedplant 0.026001438 90 286 125 319
pottedplant 0.030983416 86 254 119 309
pottedplant 0.0369069 24 245 34 262
pottedplant 0.050877612 142 292 170 409
pottedplant 0.08485071 50 308 119 404
pottedplant 0.11666894 101 252 134 303
pottedplant 0.17724441 0 230 18 280
pottedplant 0.20136161 89 293 154 406
pottedplant 0.262343 156 289 188 391
pottedplant 0.81705797 122 298 163 406
pottedplant 0.88478774 43 263 81 321
person 0.0119874915 5 271 55 409
diningtable 0.008401678 6 298 69 418
chair 0.007948755 3 401 73 500
chair 0.02111976 50 308 119 404
chair 0.024043154 4 295 46 380
chair 0.035070583 242 387 346 445
chair 0.22741944 6 298 69 418
chair 0.71447945 192 386 375 492
