train 0.005053148 25 99 398 375
person 0.005626059 394 159 436 239
person 0.006330389 1 152 16 353
person 0.00722748 429 118 471 195
person 0.010529073 331 154 395 276
person 0.010577541 5 91 129 219
person 0.010605342 1 141 24 185
person 0.0118684815 360 185 398 278
person 0.015729371 364 157 418 303
person 0.01856711 125 119 167 193
person 0.019189265 0 136 10 192
person 0.023797806 412 111 493 246
person 0.025591657 3 116 39 200
person 0.048476346 2 104 42 290
person 0.2353468 1 126 25 270
person 0.43101943 342 161 381 238
person 0.7642846 394 87 500 375
person 0.83553267 355 160 400 243
person 0.93557864 75 116 267 375
person 0.985223 182 89 413 375
person 0.99365485 10 94 163 367
