person 0.005278403 343 175 354 185
person 0.006239551 187 253 209 280
person 0.0073434007 114 166 130 179
person 0.013612394 200 257 211 277
person 0.014130763 192 259 204 277
person 0.056131434 108 164 153 187
person 0.062085893 182 357 196 375
person 0.07285532 122 164 136 179
boat 0.0052127196 36 166 52 178
boat 0.0055230916 44 156 75 179
boat 0.0065155244 52 166 73 177
boat 0.0073388116 44 166 62 177
boat 0.008012927 94 179 170 197
boat 0.01090437 36 171 82 186
boat 0.016464686 376 162 421 186
boat 0.017014015 298 117 417 200
boat 0.017620668 371 136 430 158
boat 0.022165122 313 165 427 199
boat 0.023782382 316 174 385 194
boat 0.041711308 373 145 428 163
boat 0.12399373 301 180 401 201
boat 0.13623822 108 164 153 187
boat 0.17641883 371 172 426 193
boat 0.7428439 30 162 77 184
boat 0.74527675 105 169 173 192
boat 0.8379481 299 158 385 203
boat 0.9836412 147 257 255 295
