tvmonitor 0.035152633 222 90 434 333
tvmonitor 0.29380557 0 44 500 392
train 0.0070776707 0 44 500 392
person 0.0065321787 384 127 437 275
person 0.0075147515 291 160 321 278
person 0.007746963 438 204 467 269
person 0.017893692 418 208 453 265
person 0.029206697 17 168 68 311
person 0.03250847 222 90 434 333
person 0.040937327 25 192 59 286
person 0.05975165 133 160 158 285
person 0.15366022 293 125 340 282
person 0.18953018 115 172 145 273
person 0.20854586 381 209 417 271
person 0.53859615 307 139 371 271
person 0.9133438 142 155 179 296
person 0.9697956 76 161 120 294
person 0.97073287 221 153 273 295
car 0.07185368 0 86 500 393
bus 0.01960217 0 44 500 392
bottle 0.007064455 115 172 145 273
bottle 0.024332624 73 180 113 294
