sofa 0.009544704 257 109 480 314
sofa 0.06467546 0 202 500 375
person 0.0054623554 1 178 19 291
person 0.009604953 0 126 20 230
person 0.027597623 237 171 414 299
person 0.9442873 3 105 123 224
person 0.9787298 311 82 496 322
person 0.9800151 130 98 265 287
diningtable 0.0706922 0 202 500 375
diningtable 0.12305804 13 215 265 375
chair 0.005969592 112 160 149 241
chair 0.009096808 0 126 20 230
bottle 0.005586158 1 187 63 318
bottle 0.0066770148 1 178 19 291
bottle 0.007931813 0 226 65 284
bottle 0.013431372 7 238 51 304
bottle 0.017221676 0 203 7 275
bottle 0.104711965 4 207 82 257
