person 0.005209007 454 121 474 155
person 0.0054454724 419 124 453 152
person 0.006189 436 128 456 159
person 0.0066268444 69 106 93 139
person 0.006883388 411 130 445 171
person 0.0071150237 387 110 430 138
person 0.008738617 74 91 105 155
person 0.012194565 90 110 114 144
person 0.013535847 476 137 498 171
person 0.017106354 152 110 188 170
person 0.021157185 480 131 497 226
person 0.021360967 490 126 500 180
person 0.045776222 401 122 437 150
person 0.066025995 426 128 446 159
person 0.105387084 449 135 486 220
person 0.10750931 85 109 113 175
person 0.12536816 448 128 469 162
person 0.31417102 448 133 484 171
person 0.4280541 415 127 438 160
car 0.09554613 150 120 187 150
car 0.54860586 0 117 110 227
car 0.999992 3 126 496 347
