tvmonitor 0.9676282 0 120 115 241
sofa 0.00795599 365 175 494 310
sofa 0.057301674 351 239 500 329
person 0.0062716957 40 156 64 205
person 0.0069570374 15 173 33 208
person 0.007453204 12 139 111 247
person 0.009388081 189 235 250 287
person 0.018752553 77 169 104 211
person 0.019621888 329 148 494 333
person 0.044161033 67 163 95 202
person 0.04697219 335 244 494 327
person 0.156495 67 157 102 227
person 0.30904043 15 148 86 213
diningtable 0.036736656 181 258 385 324
chair 0.008128782 181 258 385 324
chair 0.012419524 365 175 494 310
chair 0.023863183 351 239 500 329
cat 0.08792189 187 238 250 291
