train 0.014194543 185 57 346 264
sofa 0.094028614 217 199 500 373
pottedplant 0.018799903 378 150 414 196
person 0.005230275 0 137 92 296
person 0.0055854707 187 243 226 275
person 0.015604917 186 191 321 273
person 0.021985307 31 157 165 294
person 0.031527378 57 162 202 369
person 0.1057245 438 172 498 373
person 0.51002455 86 163 191 273
person 0.93854105 187 184 374 374
person 0.94628555 5 144 132 375
person 0.99764216 209 60 345 299
person 0.9989008 316 185 500 369
chair 0.0052379253 323 206 492 370
bottle 0.02031688 185 196 192 223
bottle 0.025963366 191 198 200 221
