sofa 0.011251671 212 180 303 219
sofa 0.011748693 362 187 475 241
sofa 0.014460723 109 191 245 320
sofa 0.016090158 285 191 365 324
sofa 0.04190454 180 180 314 262
sofa 0.050547607 10 194 160 375
person 0.9874245 22 164 144 373
chair 0.00523085 202 114 228 192
chair 0.007073135 387 184 473 246
chair 0.009521567 454 175 487 254
chair 0.015844565 87 289 162 372
chair 0.0211267 287 186 353 242
chair 0.02984001 191 228 281 358
chair 0.030234106 0 198 22 313
chair 0.030305428 289 203 357 273
chair 0.07250765 4 233 129 372
chair 0.98507905 290 190 371 326
bottle 0.005889844 248 212 259 227
