sofa 0.03731767 157 0 323 187
sofa 0.5784003 123 11 439 216
person 0.99694026 160 0 323 213
chair 0.008279253 105 5 343 179
chair 0.039321806 71 16 215 127
bottle 0.005751159 400 213 432 278
bottle 0.0067393305 110 221 128 274
bottle 0.0076244394 406 223 449 291
bottle 0.008779538 333 187 373 265
bottle 0.009173252 99 223 123 272
bottle 0.021270635 206 189 234 265
bottle 0.025023835 276 160 297 215
bottle 0.098902486 320 173 348 242
bottle 0.11989071 154 144 178 223
bottle 0.27355927 267 159 301 245
bottle 0.48233405 232 182 259 268
