person 0.005380432 195 82 250 276
person 0.005820375 79 77 192 324
person 0.006354994 481 136 497 192
person 0.0079472 161 82 215 297
person 0.017008852 489 126 498 202
person 0.18246463 274 47 352 341
person 0.6380137 168 67 224 205
person 0.6470965 398 33 455 361
person 0.6620948 110 58 163 297
person 0.84001255 213 100 274 258
person 0.891587 338 87 416 345
person 0.9226381 91 196 193 345
person 0.9338964 186 199 284 352
person 0.9363665 279 189 356 360
person 0.97106206 47 86 115 337
motorbike 0.007880111 262 222 372 356
motorbike 0.012296613 180 226 295 355
cow 0.0060806954 489 126 498 202
chair 0.032295004 94 211 189 361
chair 0.042450756 190 211 281 360
