person 0.0090468945 0 123 12 348
person 0.010749399 0 153 7 250
person 0.011698496 231 103 255 177
person 0.0130634215 114 98 175 151
person 0.013602819 0 138 17 257
person 0.014053847 443 108 498 362
person 0.01602048 161 120 174 136
person 0.01719837 341 121 470 270
person 0.019991104 157 117 177 147
person 0.02243063 347 158 431 306
person 0.0247862 149 105 169 142
person 0.03286463 193 115 218 149
person 0.046736233 241 105 267 180
person 0.054346852 265 111 305 205
person 0.0633481 178 113 202 148
person 0.7209802 334 140 410 254
person 0.74846405 178 102 218 154
person 0.9395864 376 113 490 349
person 0.98384356 7 135 127 367
person 0.99068964 112 103 170 203
diningtable 0.015409324 100 295 404 375
diningtable 0.99596184 84 206 420 371
chair 0.005380384 231 332 447 375
chair 0.0074667837 473 109 498 375
chair 0.009360753 113 109 170 196
chair 0.009738307 331 141 494 371
chair 0.014260049 483 180 498 368
chair 0.01472469 331 290 481 371
chair 0.017468065 440 209 499 375
chair 0.037932105 105 303 468 374
chair 0.12313484 381 244 493 371
chair 0.628078 250 308 425 374
bottle 0.006567052 228 132 244 175
bottle 0.0069057737 233 171 255 253
bottle 0.012080897 245 180 268 254
bottle 0.45878083 286 201 305 280
