person 0.03264888 2 119 17 312
person 0.2372649 459 278 486 314
person 0.930163 80 137 140 327
person 0.944167 1 120 89 313
person 0.95222735 113 118 183 325
person 0.99815094 170 108 299 371
motorbike 0.01880164 76 171 140 328
motorbike 0.019135809 73 205 197 319
motorbike 0.027671678 6 180 91 340
bird 0.05072245 459 278 486 314
bicycle 0.005490817 158 232 196 313
bicycle 0.005631906 26 212 67 331
bicycle 0.005657718 5 201 43 316
bicycle 0.051344026 73 205 197 319
bicycle 0.8613575 6 180 91 340
bicycle 0.99037856 173 224 321 375
