tvmonitor 0.010006815 303 133 339 173
tvmonitor 0.01508868 0 165 21 271
pottedplant 0.02521369 169 74 192 103
person 0.0057668355 486 110 499 323
person 0.0060294573 1 144 26 363
person 0.0073244637 473 73 500 359
person 0.007950699 2 113 13 160
person 0.017413272 0 213 20 336
person 0.017474927 0 122 21 164
person 0.02195744 346 133 372 173
person 0.02635433 228 96 280 256
person 0.05286038 303 133 339 173
person 0.14936012 169 74 192 103
person 0.65668267 88 41 164 198
person 0.80435765 186 105 265 249
person 0.99254364 38 86 162 349
person 0.9970102 261 136 451 306
diningtable 0.027638096 125 298 500 364
chair 0.0056141997 0 324 66 375
chair 0.008686118 0 213 20 336
chair 0.016768664 2 242 112 362
chair 0.029955706 1 280 65 343
chair 0.10522295 32 144 167 367
bottle 0.0077804173 491 271 498 362
bottle 0.00853637 339 169 403 311
bottle 0.017114537 181 236 220 300
bottle 0.65595835 337 210 372 309
bottle 0.865104 354 208 393 310
