person 0.0050060847 258 210 306 234
person 0.031993374 307 171 319 189
person 0.038263034 198 200 325 242
person 0.13138798 234 210 317 253
person 0.26441467 256 215 293 246
boat 0.005156025 0 107 27 168
boat 0.005192347 182 109 214 176
boat 0.0055475384 452 149 500 174
boat 0.006825337 243 237 305 256
boat 0.007886794 172 149 220 170
boat 0.008695043 216 160 238 169
boat 0.008932415 272 103 472 165
boat 0.009829158 307 171 319 189
boat 0.012300672 27 121 99 165
boat 0.014534623 252 220 296 253
boat 0.016049815 193 153 238 170
boat 0.016484447 300 120 447 154
boat 0.041587833 31 136 77 166
boat 0.049182504 169 134 208 170
boat 0.08133974 198 200 325 242
boat 0.09636307 234 210 317 253
boat 0.11842648 0 136 38 165
boat 0.18974978 165 179 358 247
