person 0.0051076883 0 130 7 237
person 0.01860833 0 120 15 237
person 0.36830616 91 96 120 224
person 0.99796635 55 92 112 252
motorbike 0.0069407765 0 120 15 237
motorbike 0.0076781316 311 190 493 361
motorbike 0.010991616 195 168 450 268
motorbike 0.055070914 87 137 268 231
motorbike 0.39711022 88 237 500 363
motorbike 0.9864673 91 145 405 290
car 0.0065420303 0 133 15 260
car 0.008721408 91 231 500 363
car 0.012438205 0 161 7 242
car 0.01497449 318 214 490 330
bottle 0.0062011695 0 222 64 287
bottle 0.00779381 68 261 112 298
bottle 0.012743017 30 232 58 267
bottle 0.07206599 54 250 122 305
bicycle 0.011101508 0 120 15 237
