person 0.008056168 295 132 325 216
person 0.008963955 284 109 306 141
person 0.012508862 228 118 263 194
person 0.0146108335 0 87 55 348
person 0.034158498 257 127 328 226
person 0.051183823 0 57 31 295
person 0.4810974 278 113 320 204
person 0.7520434 0 86 34 194
person 0.9960964 363 119 438 271
motorbike 0.008236577 228 118 263 194
motorbike 0.009293367 228 119 296 230
motorbike 0.010977361 278 113 320 204
motorbike 0.046551224 0 115 118 340
motorbike 0.08848885 1 137 60 369
motorbike 0.82634926 257 127 328 226
motorbike 0.99981725 32 115 227 375
car 0.0095092645 1 137 60 369
