person 0.0057915635 348 265 372 307
person 0.010528722 315 253 394 313
person 0.013489413 348 152 385 224
person 0.13351272 314 136 355 232
person 0.15072559 285 145 420 264
person 0.62160844 325 143 383 268
person 0.9993756 60 65 178 313
motorbike 0.01286348 296 150 377 292
motorbike 0.037998892 54 115 188 313
motorbike 0.60878974 272 174 444 296
horse 0.0073440596 296 150 377 292
horse 0.009105949 54 115 188 313
horse 0.08830322 272 174 444 296
car 0.005706026 37 122 180 313
bicycle 0.024105998 272 174 444 296
