sheep 0.011840113 303 13 500 212
sheep 0.078510016 318 108 479 299
sheep 0.16887884 223 136 333 305
sheep 0.31202772 331 204 469 306
person 0.011133733 331 204 469 306
person 0.01232885 218 132 336 283
person 0.3560801 142 140 237 296
person 0.75794667 318 108 479 299
person 0.98275346 159 31 335 295
person 0.9968538 26 87 172 292
horse 0.013430124 331 204 469 306
horse 0.015547611 303 13 500 212
dog 0.3814212 229 134 329 306
dog 0.6087952 331 204 469 306
cow 0.0071215443 223 136 333 305
cow 0.020799318 331 204 469 306
cow 0.021628104 318 108 479 299
cow 0.036558 303 13 500 212
