sofa 0.018640967 0 2 376 64
person 0.016457304 7 302 88 445
boat 0.0077849817 279 135 346 269
boat 0.009436445 176 163 187 231
boat 0.011172339 246 182 273 255
boat 0.011663259 7 206 50 229
boat 0.012028786 154 193 175 239
boat 0.012634963 269 182 306 254
boat 0.0141993 177 155 214 249
boat 0.014222701 271 173 284 242
boat 0.018724883 165 181 183 234
boat 0.023604227 38 254 156 294
boat 0.030832026 5 221 52 251
boat 0.05051835 143 223 180 248
boat 0.06806508 2 205 45 271
boat 0.07582618 0 216 91 270
boat 0.120740496 284 235 351 254
boat 0.3261513 258 179 284 252
boat 0.34397653 162 159 187 249
boat 0.5362168 8 219 145 296
boat 0.5529294 146 181 182 252
boat 0.9615417 179 131 250 272
