sofa 0.0148748355 119 188 205 234
diningtable 0.015143751 142 190 214 235
diningtable 0.44512314 96 187 195 233
chair 0.006262774 129 157 148 184
chair 0.0098104235 103 183 143 239
chair 0.010505904 177 188 215 230
chair 0.012504637 133 160 165 186
chair 0.013572792 153 169 164 186
chair 0.013729012 163 186 201 240
chair 0.018958408 239 183 289 216
chair 0.026332684 128 181 162 239
chair 0.03593756 144 184 180 239
chair 0.060385235 89 187 168 233
chair 0.2247139 119 188 205 234
car 0.005554711 279 204 326 228
car 0.0055626393 229 203 336 252
car 0.26579466 237 189 324 232
