tvmonitor 0.017728567 5 225 46 250
tvmonitor 0.018676892 13 232 81 263
tvmonitor 0.05590409 21 228 70 248
diningtable 0.020809509 151 230 221 287
diningtable 0.07082747 5 248 111 319
chair 0.005094356 34 231 88 256
chair 0.005253589 151 249 220 291
chair 0.006165429 86 221 121 257
chair 0.008967623 18 242 71 268
chair 0.011362403 131 223 166 273
chair 0.017074088 21 228 70 248
chair 0.021153947 219 226 301 289
chair 0.023363154 77 239 134 307
chair 0.03511617 119 220 138 253
chair 0.037826553 5 234 88 275
chair 0.04994476 203 229 234 291
chair 0.06312815 219 231 255 294
chair 0.099780746 110 231 142 289
chair 0.17539527 5 248 111 319
chair 0.730364 85 231 125 286
chair 0.95296156 140 226 178 287
chair 0.95753205 266 223 329 289
chair 0.9834363 179 226 222 290
