person 0.0056492803 176 0 259 59
person 0.0058468855 273 41 365 121
person 0.0065062856 241 29 284 128
person 0.0067017707 434 0 498 130
person 0.008588194 3 9 54 191
person 0.028619448 420 76 476 349
person 0.05371795 295 0 370 78
person 0.055415522 352 0 436 80
person 0.060202263 240 5 283 83
person 0.08003905 238 10 317 150
person 0.08663147 15 2 190 222
person 0.12866527 0 0 60 375
person 0.17183888 342 0 478 131
person 0.37636244 263 3 380 141
person 0.6426158 372 0 500 352
person 0.646708 6 29 259 341
person 0.7755377 257 106 461 360
person 0.8531613 115 0 259 139
person 0.9963324 0 137 444 369
bottle 0.012281926 409 106 469 282
bottle 0.38523537 428 118 465 236
