tvmonitor 0.0051525007 480 68 496 125
tvmonitor 0.006027707 131 179 190 239
tvmonitor 0.010996423 473 58 498 141
person 0.031682603 2 194 65 375
person 0.21012868 177 39 213 78
person 0.72965616 0 122 84 347
person 0.99985516 184 83 389 320
diningtable 0.044762548 247 254 389 370
diningtable 0.105836816 188 288 449 368
diningtable 0.6276125 0 309 500 373
chair 0.06413127 360 189 398 279
bottle 0.00508235 287 165 342 315
bottle 0.012334013 476 135 493 174
bottle 0.0536763 247 254 389 370
bottle 0.998054 283 203 351 375
