sofa 0.06075222 282 146 417 294
sofa 0.25850424 78 148 292 305
sofa 0.8915262 122 159 444 298
pottedplant 0.009359337 385 121 494 243
person 0.005447203 338 148 409 283
person 0.13708188 108 139 306 309
person 0.93398696 176 129 261 312
person 0.97710925 286 131 380 296
chair 0.005326871 78 148 292 305
chair 0.008555244 358 133 383 167
chair 0.0139504075 359 125 395 180
chair 0.033314947 253 151 405 296
chair 0.036841374 339 126 365 158
car 0.006843618 385 121 494 243
car 0.0071644606 341 133 360 151
car 0.0072545586 358 133 383 167
car 0.009725412 398 128 458 159
car 0.013066622 343 127 407 177
car 0.01746896 339 129 364 144
car 0.04478982 323 121 391 158
car 0.17492482 252 119 297 145
car 0.19353019 369 127 464 178
car 0.40302256 358 125 398 160
car 0.45185158 335 124 369 151
bus 0.021847023 252 119 297 145
