sofa 0.008030866 171 282 323 500
sofa 0.00879187 11 281 162 500
sofa 0.052877687 0 213 333 500
sofa 0.054394566 94 210 225 500
pottedplant 0.005447022 275 1 333 27
pottedplant 0.017002612 251 3 331 49
pottedplant 0.020375323 0 88 37 161
pottedplant 0.42220408 16 0 141 138
person 0.047205262 116 299 198 491
person 0.2107384 82 293 149 492
person 0.5656803 94 210 225 500
person 0.9810352 15 207 146 500
person 0.99949217 178 203 316 500
motorbike 0.010064863 171 282 323 500
chair 0.005350311 52 306 214 500
chair 0.2523085 171 282 323 500
chair 0.31028438 0 211 132 468
