pottedplant 0.005686262 428 215 445 264
pottedplant 0.007112557 2 322 24 373
pottedplant 0.008775858 481 207 497 258
pottedplant 0.008934128 453 206 485 269
pottedplant 0.012359597 447 224 469 260
pottedplant 0.022598388 262 229 282 270
pottedplant 0.022792479 489 197 498 267
pottedplant 0.034497596 413 189 442 273
pottedplant 0.13381621 443 220 475 294
person 0.049634047 120 195 160 268
person 0.07583037 114 186 140 221
person 0.0789792 354 180 369 244
person 0.09015608 335 159 367 238
person 0.09342356 258 157 284 242
person 0.10446674 411 168 427 215
person 0.16142823 312 215 366 336
person 0.18087652 445 232 475 305
person 0.19684854 82 167 119 240
person 0.20578767 244 161 273 241
person 0.23160022 405 168 430 298
person 0.3725803 231 228 288 332
person 0.47337532 416 165 442 266
person 0.5979225 110 192 145 250
person 0.7041805 319 205 356 270
person 0.88928014 0 195 46 267
person 0.9138851 227 163 261 239
person 0.9321218 54 164 119 263
person 0.97803146 139 187 189 313
person 0.9987447 369 153 421 321
chair 0.008614341 122 254 166 333
chair 0.011789099 145 226 185 318
chair 0.013618937 303 224 337 322
chair 0.018215898 349 252 389 331
chair 0.02050148 316 217 353 325
chair 0.77503127 102 261 193 369
chair 0.8885996 318 248 386 348
chair 0.8930506 232 238 283 346
