sofa 0.020473918 180 51 460 375
person 0.006750834 313 89 389 198
person 0.0071111424 93 54 160 306
person 0.008226859 2 60 32 373
person 0.008434495 129 55 149 99
person 0.012158729 8 42 46 118
person 0.013707905 111 55 144 109
person 0.016950369 7 63 46 176
person 0.01753843 0 55 26 183
person 0.01799459 264 66 393 172
person 0.023692986 137 57 162 99
person 0.026540242 51 59 73 96
person 0.04101276 42 47 79 112
person 0.04991401 125 28 198 323
person 0.114572674 113 48 168 231
person 0.11923622 27 37 69 118
person 0.18036658 12 44 77 195
person 0.39987877 121 52 165 146
person 0.6417915 53 49 147 372
person 0.9813271 0 70 65 360
person 0.999508 186 63 400 368
chair 0.006512403 115 79 219 350
chair 0.01466215 184 136 393 370
bottle 0.0063384664 283 73 351 131
bottle 0.013605014 323 43 355 112
bottle 0.013867163 329 60 353 93
bottle 0.031560134 296 82 379 203
bottle 0.032716643 295 104 330 131
bottle 0.045331467 290 93 381 146
