motorbike 0.019900229 0 55 311 495
car 0.008732213 235 0 301 12
car 0.009124788 87 5 230 26
car 0.010513991 252 2 306 21
car 0.011440813 0 14 16 29
car 0.012398083 32 6 82 25
car 0.016980369 66 6 169 38
car 0.02147104 54 10 81 24
car 0.03120063 34 9 58 24
car 0.032923914 147 5 282 25
car 0.035857182 183 1 255 15
car 0.056503538 233 1 279 21
car 0.11850509 0 5 43 29
car 0.7323531 126 3 180 22
car 0.7392281 171 2 230 20
car 0.77037245 80 4 131 25
car 0.87653464 18 8 57 28
car 0.87755483 214 2 265 20
car 0.9011488 277 0 318 22
car 0.93792856 54 6 97 25
car 0.9993496 1 25 286 460
