person 0.03181709 3 185 133 372
diningtable 0.16961995 188 178 383 360
diningtable 0.98648566 35 208 329 374
chair 0.005006219 0 225 20 360
chair 0.0062667336 199 275 284 375
chair 0.010512498 5 185 50 253
chair 0.012987635 206 160 246 205
chair 0.0140857715 74 227 279 375
chair 0.06568084 246 152 281 194
chair 0.07526604 336 153 384 191
chair 0.101013355 5 189 59 321
chair 0.11094785 138 163 218 218
chair 0.11198343 118 185 366 364
chair 0.30966657 212 155 270 199
chair 0.4003865 196 192 294 375
chair 0.4227418 107 174 180 227
chair 0.5130664 302 174 376 336
chair 0.5822133 26 180 98 247
chair 0.7108983 378 160 414 280
chair 0.97109914 342 163 405 306
chair 0.98393536 276 189 348 360
chair 0.9974522 3 235 137 375
