tvmonitor 0.018889954 303 189 370 254
tvmonitor 0.03357016 322 250 371 387
sofa 0.007470298 111 200 333 444
person 0.0052718543 71 78 97 126
person 0.005434814 180 98 254 228
person 0.006613725 260 105 278 121
person 0.008444688 181 134 253 191
person 0.008560361 229 125 272 154
person 0.014458874 158 149 283 352
person 0.022860726 253 81 289 136
person 0.02655722 256 95 282 128
person 0.0309625 212 167 289 310
person 0.051461473 59 78 116 248
person 0.073338315 219 207 283 269
person 0.12671775 250 99 286 152
person 0.14574176 178 158 216 248
person 0.21310861 64 82 98 169
person 0.45346686 238 117 285 205
person 0.87265307 200 149 276 261
person 0.95543766 176 74 246 175
person 0.98563534 3 62 94 462
person 0.99592406 100 169 265 413
person 0.99858266 74 82 135 207
dog 0.0057149585 219 207 283 269
diningtable 0.7320109 139 253 368 490
chair 0.028777609 97 244 264 485
chair 0.3774399 99 282 180 465
bottle 0.010504507 283 253 298 292
