tvmonitor 0.0071843406 106 0 140 75
tvmonitor 0.013609939 126 0 158 68
tvmonitor 0.020028522 256 2 290 72
tvmonitor 0.023285555 232 0 257 45
tvmonitor 0.05162591 242 0 271 74
tvmonitor 0.19346231 224 0 261 70
tvmonitor 0.8269348 305 41 378 108
sofa 0.072657764 141 135 283 248
pottedplant 0.027720045 224 0 261 70
diningtable 0.009063892 108 252 221 281
chair 0.010826376 303 99 374 212
chair 0.0139792105 125 145 194 264
chair 0.09283421 71 112 141 266
chair 0.14414945 400 54 462 211
chair 0.269726 155 139 283 275
chair 0.85372716 323 104 417 241
bottle 0.0051459144 329 5 339 31
bottle 0.08694053 108 252 221 281
