person 0.006150727 2 0 90 74
person 0.0064880503 86 5 121 70
person 0.0075825276 225 41 358 139
person 0.007732214 282 10 360 66
person 0.01121957 302 12 344 38
person 0.012263419 297 2 378 50
person 0.018646762 294 10 315 42
person 0.020162558 47 0 88 72
person 0.036443 70 1 108 70
person 0.099151276 220 50 297 225
person 0.12348041 153 31 343 243
person 0.21798466 330 0 375 90
person 0.31418464 103 4 152 77
person 0.68537426 302 0 374 122
motorbike 0.006852981 282 18 360 137
motorbike 0.008658264 86 5 121 70
motorbike 0.01691166 282 10 360 66
motorbike 0.023812415 221 32 358 236
motorbike 0.08728712 70 1 108 70
motorbike 0.9672532 91 10 166 79
motorbike 0.9981964 71 66 376 265
car 0.013374385 299 5 378 77
bicycle 0.03128524 93 22 168 82
aeroplane 0.010670647 456 303 500 329
aeroplane 0.0148874475 457 279 496 331
