car 0.0059125465 0 102 20 177
bottle 0.023796838 0 116 13 173
boat 0.007243525 452 286 499 370
boat 0.008546365 0 95 10 158
boat 0.017455602 0 73 20 172
boat 0.2648611 0 116 13 173
bird 0.006559838 254 178 294 204
bird 0.007391544 449 205 497 375
bird 0.0085644005 235 103 296 208
bird 0.009960017 166 153 277 232
bird 0.01936373 272 109 289 142
bird 0.020416882 250 106 292 172
bird 0.02187714 350 149 367 198
bird 0.022449467 251 98 276 115
bird 0.02276645 0 102 20 177
bird 0.022973828 256 108 287 139
bird 0.02319746 188 139 206 190
bird 0.063631415 244 142 286 170
bird 0.07140127 452 286 499 370
bird 0.24985966 184 166 249 219
bird 0.48842618 241 131 291 189
bird 0.53541833 249 99 283 130
bird 0.58136964 160 196 290 266
bird 0.7265323 184 144 226 210
bird 0.8849043 314 158 370 227
