person 0.010172316 417 12 439 46
person 0.0154298525 284 12 308 45
person 0.017756896 310 0 330 26
person 0.020401552 430 23 468 104
person 0.026361782 148 37 165 76
person 0.030216543 440 32 500 103
person 0.030374851 110 26 129 53
person 0.033382382 194 27 219 68
person 0.037653297 224 30 247 71
person 0.044084918 303 0 325 35
person 0.046902 418 10 453 75
person 0.077546135 170 21 230 76
person 0.08152588 113 27 144 87
person 0.09465843 435 6 456 50
person 0.118841074 213 31 234 71
person 0.3244374 120 29 142 65
person 0.54564786 200 21 235 76
person 0.6705199 461 23 497 130
person 0.9007267 401 30 441 122
person 0.95410377 166 23 206 97
car 0.0051876665 298 0 330 26
car 0.005426922 265 3 282 18
car 0.009047334 396 28 461 104
car 0.013641285 157 27 216 91
car 0.014053324 440 32 500 103
car 0.01450317 176 64 405 160
car 0.035822526 284 12 308 45
car 0.038637873 278 6 448 88
car 0.6774388 242 7 482 149
car 0.9997303 0 37 497 340
