person 0.0066878833 69 18 101 144
person 0.008399304 283 0 317 52
person 0.0096822 103 4 141 71
person 0.011480556 1 0 22 130
person 0.017129252 54 10 112 182
person 0.024726609 87 0 129 59
person 0.031464055 365 7 397 78
person 0.03223513 319 24 342 54
person 0.04399467 453 0 500 208
person 0.06406568 288 0 311 33
person 0.067936786 78 2 132 150
person 0.20209646 0 0 30 200
person 0.42728204 469 23 499 287
person 0.5578756 8 12 96 184
person 0.7060074 395 11 471 144
motorbike 0.014025848 395 11 471 144
car 0.008365599 450 0 500 172
car 0.24379855 394 8 471 125
car 0.99998915 95 10 453 316
