pottedplant 0.005519559 201 1 237 27
pottedplant 0.018566614 136 5 167 41
person 0.005171492 186 282 244 467
person 0.005469026 156 194 201 251
person 0.0060776733 164 268 230 500
person 0.010360095 88 310 103 368
person 0.011535578 137 196 216 320
person 0.013295464 42 319 57 365
person 0.038752645 273 327 333 497
person 0.054976255 93 306 109 358
person 0.056382064 70 315 83 368
person 0.11285276 139 201 178 286
person 0.5940365 57 317 70 364
person 0.88507193 74 314 91 371
person 0.93482566 47 317 64 368
person 0.99817836 106 226 239 500
car 0.005117114 244 348 271 431
car 0.011019257 125 238 252 492
car 0.029454093 216 326 247 424
car 0.87764716 248 315 332 476
bottle 0.08594809 77 321 90 373
