tvmonitor 0.63407505 43 180 80 249
sofa 0.009451039 228 192 268 253
sofa 0.087110505 37 179 87 383
sofa 0.3344526 107 202 257 289
diningtable 0.0052190754 16 233 75 440
diningtable 0.033075314 36 208 88 392
diningtable 0.50083673 107 202 257 289
chair 0.0052927155 105 184 123 226
chair 0.0070979013 47 241 81 358
chair 0.00799934 47 283 76 427
chair 0.013520186 223 246 259 351
chair 0.019211965 214 197 264 362
chair 0.019277537 14 201 75 396
chair 0.034176685 227 241 274 396
chair 0.06413624 230 193 265 223
chair 0.15585008 61 251 90 380
chair 0.27704304 228 192 268 253
chair 0.42364836 38 227 89 407
