pottedplant 0.0074323504 62 0 195 86
person 0.0069492254 61 221 91 300
person 0.0085934615 144 202 175 344
person 0.00863805 256 255 277 291
person 0.009514465 238 256 272 341
person 0.010345034 32 172 45 217
person 0.011846202 0 221 19 268
person 0.013230398 49 209 102 355
person 0.015698731 29 213 57 301
person 0.016167266 66 233 93 361
person 0.026300643 0 218 36 294
person 0.028346825 41 210 76 306
person 0.03186618 251 254 287 343
person 0.045136854 13 218 75 455
person 0.07254684 264 207 324 393
person 0.12393445 243 245 298 390
person 0.46727842 287 185 332 449
person 0.7913096 34 209 82 389
person 0.85857093 104 192 172 357
person 0.8763255 266 198 300 280
person 0.99761677 160 174 215 353
diningtable 0.0061097327 246 263 298 405
chair 0.006494634 30 221 84 446
bottle 0.005027341 34 173 42 200
bottle 0.0063437223 57 178 72 216
bottle 0.006908076 15 166 33 211
bottle 0.028069023 36 174 50 216
bottle 0.031038102 11 160 25 213
bottle 0.038598135 32 172 45 217
