pottedplant 0.023106864 306 9 364 116
pottedplant 0.1592497 314 8 355 78
person 0.010194353 180 40 316 160
person 0.01265083 0 75 118 358
person 0.013096901 148 35 214 130
person 0.015144767 2 30 29 367
person 0.017436538 162 34 229 88
person 0.02039548 266 63 372 149
person 0.026128337 2 67 47 134
person 0.027896276 31 89 56 119
person 0.05851849 140 77 176 116
person 0.12148543 0 47 55 350
person 0.1448293 168 41 205 76
person 0.29608124 301 74 365 136
person 0.39711767 131 68 189 129
person 0.52207416 83 71 162 142
person 0.5283557 161 45 201 112
person 0.6539918 0 68 59 203
person 0.8973295 37 76 99 151
person 0.9242363 291 68 334 134
person 0.98325205 307 31 500 375
person 0.99931145 6 25 319 375
horse 0.011483233 0 0 341 355
bottle 0.96241975 315 168 349 302
