person 0.0050331173 54 78 69 96
person 0.007211903 75 79 87 92
person 0.0076345913 121 73 137 86
person 0.007846575 442 85 455 107
person 0.009464615 48 76 61 96
person 0.010791589 64 77 78 94
person 0.02786498 114 74 128 86
person 0.23746458 442 85 458 124
chair 0.16096273 143 190 268 266
car 0.033863164 348 83 447 130
car 0.034284707 207 89 360 178
car 0.036630817 182 76 298 110
car 0.039459907 187 68 226 86
car 0.0525301 224 78 247 89
car 0.053322222 216 77 257 92
car 0.057231657 488 72 499 125
car 0.16890644 380 78 436 96
car 0.16915588 294 75 371 110
car 0.17186202 371 76 449 112
car 0.35978228 286 81 336 108
car 0.39276406 314 77 364 98
car 0.41961175 447 89 489 116
car 0.50018936 440 70 499 120
car 0.5680925 344 77 376 96
car 0.5963045 239 79 291 92
car 0.7402605 1 86 64 146
car 0.91935694 20 80 184 173
car 0.9790489 66 88 284 185
car 0.99570316 258 90 484 212
bus 0.012206857 1 86 64 146
