person 0.0054325997 52 99 90 125
person 0.00574052 433 88 458 126
person 0.0063396418 392 122 419 145
person 0.006693909 443 99 500 251
person 0.006780566 69 154 105 266
person 0.010164203 328 115 392 167
person 0.011405394 322 109 355 165
person 0.024043834 222 129 303 218
person 0.029956413 351 124 387 163
person 0.03393695 322 120 393 237
person 0.044354644 143 169 486 365
person 0.14217499 57 138 118 284
person 0.18319266 333 145 410 282
person 0.49560928 471 102 497 144
person 0.551473 421 96 460 146
person 0.78788006 233 121 347 235
person 0.79051256 76 140 119 219
person 0.9301158 1 145 113 364
person 0.9923556 163 106 231 200
person 0.99943334 327 151 500 367
diningtable 0.9990065 101 212 485 371
chair 0.16158414 0 253 117 365
bottle 0.006778324 145 167 153 189
bottle 0.007047616 161 160 173 220
bottle 0.009154407 142 166 156 215
bottle 0.010546479 152 160 165 220
bottle 0.022224909 214 214 241 295
bottle 0.73288685 227 205 249 296
