dog 0.008169891 125 53 188 78
cat 0.012225376 125 53 188 78
boat 0.009493298 246 139 268 168
bird 0.010592104 272 124 296 139
bird 0.010863857 456 161 481 196
bird 0.011167728 267 115 306 136
bird 0.012955797 474 153 495 188
bird 0.017915629 395 108 435 169
bird 0.023098405 401 127 421 159
bird 0.03501901 303 105 326 129
bird 0.044300575 398 127 464 178
bird 0.049188845 417 143 438 176
bird 0.089205876 277 120 314 141
bird 0.092453375 265 104 331 139
bird 0.11844737 401 135 438 167
bird 0.13147028 10 235 116 329
bird 0.14382273 399 95 434 118
bird 0.29091635 246 139 268 168
bird 0.37369758 118 51 182 79
bird 0.4250435 465 151 484 190
bird 0.599127 282 113 325 137
bird 0.8124102 251 57 274 90
bird 0.853465 78 176 485 308
