person 0.0053451285 247 414 259 426
person 0.00756491 255 418 264 437
person 0.009029309 244 449 263 500
person 0.01662913 247 418 260 437
person 0.035186004 235 420 250 472
person 0.045761224 227 414 257 491
person 0.28790694 4 412 35 498
person 0.31168574 244 415 265 493
person 0.8368444 193 411 237 500
person 0.96911055 83 411 133 497
person 0.98993546 38 409 84 500
car 0.0059604165 247 418 260 437
car 0.006285693 198 417 250 441
car 0.010085177 231 398 265 422
car 0.017926037 228 403 259 470
car 0.020070706 233 418 252 437
car 0.02496193 233 417 252 459
car 0.036125787 77 412 143 498
car 0.07372428 183 413 249 497
car 0.09543919 31 415 90 496
car 0.16295367 225 416 261 441
bus 0.009441517 231 398 265 422
