sofa 0.018567061 433 25 496 93
dog 0.007958381 40 84 100 199
dog 0.038973335 70 145 171 268
dog 0.055252753 41 90 63 192
chair 0.031289414 341 9 411 119
chair 0.032682072 87 60 129 139
chair 0.035009526 394 95 484 223
chair 0.03878098 420 33 489 166
chair 0.047968414 200 28 267 129
chair 0.050311126 255 26 298 100
chair 0.11760014 238 21 283 104
chair 0.11799152 426 26 485 94
chair 0.13893649 70 145 171 268
chair 0.14884128 40 84 100 199
chair 0.178426 195 56 244 133
chair 0.18147348 331 15 371 104
chair 0.28223956 41 90 63 192
chair 0.3064786 90 61 157 172
chair 0.44720945 229 190 328 313
chair 0.52704144 283 22 323 102
chair 0.561312 415 103 487 172
chair 0.6074685 372 127 489 270
chair 0.6341406 373 22 411 94
chair 0.8985138 325 39 385 150
bird 0.0054878686 90 61 157 172
bird 0.0058893533 40 84 100 199
bird 0.029931031 41 90 63 192
