sofa 0.008479762 413 175 486 302
sofa 0.013229284 453 196 496 351
pottedplant 0.010758203 283 126 305 162
pottedplant 0.015323315 125 156 209 204
person 0.0052376934 25 119 66 201
diningtable 0.008383479 408 185 468 255
diningtable 0.018698428 175 174 272 210
diningtable 0.028202103 406 199 469 306
diningtable 0.964317 15 213 319 373
chair 0.005545408 15 252 116 305
chair 0.0057706744 292 129 307 177
chair 0.0059490195 330 127 350 229
chair 0.008623478 29 165 60 199
chair 0.0108588 274 125 297 163
chair 0.015335484 269 150 299 178
chair 0.015698051 264 167 300 198
chair 0.01915577 25 142 65 210
chair 0.020877417 404 184 473 293
chair 0.026716951 125 156 209 204
chair 0.027320044 194 180 257 204
chair 0.027403919 15 214 278 375
chair 0.046491604 267 127 299 192
chair 0.04987017 283 126 305 162
chair 0.062149145 175 174 272 210
chair 0.06876896 453 196 496 351
chair 0.95860153 154 242 275 375
chair 0.98173976 9 253 139 375
