pottedplant 0.007721874 454 119 495 199
pottedplant 0.010803487 479 105 499 213
pottedplant 0.01190689 259 208 342 301
pottedplant 0.02165446 134 102 226 214
pottedplant 0.031461176 450 108 500 288
pottedplant 0.0487641 250 101 338 218
pottedplant 0.09050119 369 101 450 214
pottedplant 0.15037291 22 73 119 315
pottedplant 0.17604357 126 86 234 308
pottedplant 0.37966424 245 107 345 320
pottedplant 0.63902634 354 100 470 327
chair 0.0055526546 479 111 499 245
chair 0.008581633 454 119 495 199
chair 0.023299098 134 72 229 322
chair 0.03692024 22 73 119 315
chair 0.04074131 450 108 500 288
bottle 0.0075790663 128 93 235 335
bottle 0.008706505 245 107 345 320
