sofa 0.008220538 122 147 447 330
person 0.00557374 54 75 114 251
person 0.0073541366 20 114 40 237
person 0.008026503 183 88 221 164
person 0.008429568 0 125 5 238
person 0.009183735 76 113 100 237
person 0.0098892655 2 108 18 245
person 0.012400474 186 81 381 263
person 0.0136439465 31 84 59 262
person 0.016686853 108 219 188 327
person 0.042339787 171 96 209 178
person 0.13041468 108 136 134 251
person 0.38681963 122 147 447 330
person 0.4970797 102 223 313 335
person 0.89985454 88 95 131 254
person 0.9044267 206 74 284 205
person 0.91726774 174 87 226 222
person 0.9839725 287 94 455 314
person 0.996303 34 70 90 257
chair 0.0052271876 191 86 304 218
chair 0.005542286 437 172 499 335
chair 0.007829315 143 102 431 323
chair 0.45258334 267 133 469 334
