person 0.1507798 286 244 300 287
person 0.17203788 170 228 180 271
person 0.18949011 193 231 204 271
person 0.20434569 296 246 310 285
person 0.20629796 365 240 375 278
person 0.21837832 277 237 291 284
person 0.22498995 229 244 243 286
person 0.22537524 393 247 406 303
person 0.2267754 490 248 499 307
person 0.24417107 374 235 385 283
person 0.25383735 461 242 470 270
person 0.2590718 269 237 280 280
person 0.27753323 154 231 164 269
person 0.28166917 453 235 463 274
person 0.3211086 434 241 442 270
person 0.3214964 164 228 175 272
person 0.34669307 442 237 452 274
person 0.3516987 144 228 154 269
person 0.47479418 305 246 321 286
person 0.5221083 401 246 413 308
motorbike 0.005794554 490 248 499 307
car 0.0053373296 4 184 25 198
car 0.008315967 447 62 467 70
car 0.015158948 0 179 30 204
car 0.019718455 1 221 12 271
car 0.03306477 2 219 19 258
bicycle 0.012610237 419 272 434 305
aeroplane 0.0062827403 447 62 467 70
aeroplane 0.007245228 440 58 491 74
aeroplane 0.007345993 148 57 184 81
aeroplane 0.010083984 99 62 398 130
aeroplane 0.010642785 238 61 253 68
aeroplane 0.011513484 44 121 305 199
aeroplane 0.015894165 178 76 302 125
aeroplane 0.022884231 112 64 169 87
aeroplane 0.023920182 44 55 219 116
aeroplane 0.20091796 131 63 188 86
aeroplane 0.4636402 92 58 194 100
aeroplane 0.99935466 21 72 481 202
