person 0.0109448545 298 117 441 258
person 0.013250513 0 6 202 220
person 0.015383274 1 41 18 201
person 0.016265001 193 82 500 367
person 0.021638097 478 3 494 57
person 0.025336739 403 2 429 38
person 0.032622684 366 0 393 49
person 0.037205156 330 0 353 40
person 0.06695002 315 0 351 48
person 0.06922102 489 0 500 60
person 0.073102556 314 0 333 45
person 0.07773504 1 0 59 167
person 0.26363266 378 0 415 49
person 0.37258402 421 0 479 94
person 0.77576643 460 4 490 76
person 0.8416054 0 0 111 143
person 0.95228577 92 17 206 265
person 0.976466 161 88 403 301
person 0.9918279 317 96 485 342
person 0.9973352 8 85 132 300
motorbike 0.059725948 116 87 469 355
chair 0.0050129737 92 17 206 265
bottle 0.00542315 443 90 499 225
bottle 0.015779857 35 25 47 69
boat 0.005806681 147 89 499 359
