person 0.006755755 352 37 405 208
person 0.007943362 490 83 499 146
person 0.009313769 265 35 332 320
person 0.013368072 324 44 385 315
person 0.015639972 481 75 500 203
person 0.15387894 436 80 498 237
person 0.4190882 0 28 138 182
person 0.48825377 238 21 309 303
person 0.4890163 297 30 366 356
person 0.9681355 364 47 413 299
person 0.9972208 1 35 131 349
motorbike 0.008885202 448 94 496 181
motorbike 0.021877399 2 64 129 364
motorbike 0.02670737 399 155 497 269
motorbike 0.6696173 433 94 499 259
car 0.006264554 5 38 156 171
car 0.19414766 117 98 163 128
bicycle 0.005813306 439 73 497 210
bicycle 0.011310241 403 125 500 267
