pottedplant 0.0052755107 252 91 483 284
pottedplant 0.007102255 490 258 497 338
pottedplant 0.011708402 313 136 495 218
pottedplant 0.13409418 261 134 403 219
pottedplant 0.14179225 256 169 477 370
diningtable 0.008745882 16 168 158 292
diningtable 0.16752975 309 256 437 367
diningtable 0.17918295 256 169 477 370
chair 0.0072634863 68 177 137 301
chair 0.01795277 256 169 477 370
chair 0.21240915 309 256 437 367
chair 0.22191757 0 158 117 298
chair 0.965795 192 220 337 375
boat 0.0077820853 265 118 395 206
