sofa 0.0069174487 0 110 291 375
person 0.0054737576 86 259 169 371
person 0.005810507 337 193 379 269
person 0.006283901 167 209 468 372
person 0.006454703 81 250 276 367
person 0.006459894 182 271 222 352
person 0.009750708 78 96 272 283
person 0.010778559 114 207 244 257
person 0.011213226 246 242 285 295
person 0.021036785 82 188 261 275
person 0.029541383 329 162 372 232
person 0.042501092 300 175 430 262
person 0.39619234 90 178 342 360
person 0.889092 152 99 269 218
person 0.8981206 307 164 369 259
person 0.94998384 186 275 304 375
person 0.9974537 314 181 485 375
person 0.99745506 9 96 203 375
motorbike 0.01443949 237 34 318 95
diningtable 0.008758745 233 240 321 280
diningtable 0.009931561 160 203 319 234
diningtable 0.023656683 119 201 366 266
diningtable 0.031282354 106 211 329 311
diningtable 0.15424863 172 253 320 374
diningtable 0.78159165 148 214 425 375
chair 0.0064896774 109 127 250 231
chair 0.013462001 0 212 198 375
chair 0.01597193 331 214 483 372
car 0.011656247 2 29 25 99
car 0.012195078 155 55 202 75
car 0.0125670275 163 52 213 69
car 0.013348602 0 54 10 117
car 0.013633938 2 76 24 161
car 0.01554633 129 47 169 72
car 0.016269194 104 48 178 81
car 0.017107345 25 43 114 79
car 0.018930808 140 61 159 77
car 0.020726567 147 59 167 74
car 0.036466304 0 45 12 89
car 0.037784487 0 46 85 156
car 0.042067733 137 55 178 77
car 0.043457847 0 47 8 70
car 0.07413372 53 47 108 68
car 0.076130345 0 53 45 81
car 0.10276297 118 55 160 82
car 0.103482805 151 48 251 84
car 0.4845883 3 84 62 154
car 0.90140754 51 43 158 86
bottle 0.007671811 243 249 286 285
bottle 0.008462522 100 212 229 258
bicycle 0.031668235 237 34 318 95
