person 0.005964788 139 159 178 186
person 0.006103507 138 164 158 201
person 0.006108175 152 165 164 182
person 0.006569313 198 158 216 205
person 0.006997405 425 180 435 190
person 0.008245478 353 186 368 199
person 0.008390646 149 155 167 190
person 0.010030956 426 178 445 210
person 0.011713388 189 154 207 195
person 0.01607729 163 163 177 183
person 0.016567696 132 165 147 183
person 0.034718413 182 152 213 209
person 0.042827945 163 152 200 210
person 0.06244188 160 157 179 189
person 0.065706186 352 177 445 232
person 0.075780265 129 164 150 201
person 0.097438425 141 164 187 228
person 0.10374685 130 164 160 225
person 0.14796132 224 174 297 236
person 0.31333384 55 181 113 227
motorbike 0.0057209595 179 162 215 221
motorbike 0.01304495 151 153 208 210
motorbike 0.08584587 130 164 160 225
motorbike 0.54809946 344 180 457 243
motorbike 0.9538859 54 187 116 233
motorbike 0.9623668 130 169 201 232
motorbike 0.993843 223 182 302 238
car 0.0072284485 344 180 457 243
car 0.007919303 55 181 113 227
car 0.011093997 224 174 297 236
bicycle 0.012449952 55 193 107 229
