person 0.005398661 284 84 306 110
person 0.01067673 395 106 469 175
person 0.02808957 200 90 244 161
person 0.03332244 355 92 424 158
person 0.4048785 388 99 473 253
person 0.7973917 353 84 429 232
person 0.95885503 186 93 253 196
person 0.9991171 138 111 436 369
diningtable 0.008507902 64 164 188 256
diningtable 0.009034971 380 153 483 265
diningtable 0.03896308 164 111 464 368
diningtable 0.065225184 92 152 156 207
diningtable 0.5758848 18 147 160 245
chair 0.005132576 64 164 188 256
chair 0.00540978 102 153 155 178
chair 0.0063157426 229 143 262 204
chair 0.0069120727 81 155 124 240
chair 0.007987554 378 173 449 250
chair 0.00803996 453 119 494 201
chair 0.008792832 128 130 384 367
chair 0.018053446 475 111 500 211
chair 0.024310777 0 129 20 227
chair 0.05595075 186 142 251 207
chair 0.08812566 106 150 151 210
chair 0.09405376 354 101 432 249
chair 0.1026027 445 110 500 250
chair 0.23997347 89 157 161 227
chair 0.26723155 378 119 489 254
chair 0.46102753 471 142 500 252
chair 0.8301269 16 142 105 258
boat 0.006477491 69 124 442 374
