person 0.007050434 463 206 474 222
person 0.01111655 433 198 444 212
person 0.012281546 398 200 467 245
person 0.013572713 457 208 476 236
person 0.014387544 426 199 448 227
person 0.044397727 483 172 500 265
person 0.04955658 489 200 500 262
motorbike 0.00825304 432 207 478 237
motorbike 0.012741497 486 231 500 286
motorbike 0.018515885 457 208 476 236
motorbike 0.018770754 489 200 500 262
motorbike 0.2369894 480 199 500 276
motorbike 0.88370425 398 200 467 245
car 0.0095915925 486 231 500 286
car 0.011125691 479 214 500 289
boat 0.0071217655 131 221 205 239
bicycle 0.00934429 422 204 467 239
bicycle 0.021729728 487 209 500 272
bicycle 0.046052944 479 214 500 289
bicycle 0.053285092 395 205 445 238
