pottedplant 0.005047315 93 24 460 469
person 0.015112078 326 0 492 100
person 0.01764223 434 0 499 105
person 0.2736079 93 24 460 469
person 0.92306924 80 1 280 419
motorbike 0.041228093 326 0 492 100
motorbike 0.11828271 51 15 301 412
motorbike 0.42517847 434 0 499 130
motorbike 0.99082166 30 74 453 486
bicycle 0.0063457335 331 4 412 74
bicycle 0.0068892315 361 0 500 150
bicycle 0.0074767545 449 18 494 107
bicycle 0.013204003 4 133 442 489
bicycle 0.36814088 434 0 499 130
bicycle 0.6032213 326 0 492 100
