tvmonitor 0.88575155 300 147 358 195
sofa 0.0125301005 183 178 273 328
sofa 0.17647871 364 200 499 319
sofa 0.9936007 4 213 171 366
pottedplant 0.12152035 193 229 208 269
person 0.011479684 430 197 470 272
person 0.1753573 364 200 499 319
person 0.745409 445 174 499 286
person 0.87592095 405 193 453 276
diningtable 0.0050503695 264 296 459 368
chair 0.007322986 186 218 265 282
chair 0.007556036 410 295 494 371
chair 0.008250489 454 178 498 281
chair 0.008547818 401 198 463 272
chair 0.87105906 196 184 274 318
bottle 0.024380175 193 229 208 269
bottle 0.037203774 360 283 374 353
bottle 0.037525263 355 288 370 362
