boat 0.04358661 380 101 399 127
boat 0.050296206 419 106 434 123
boat 0.055591486 247 102 262 134
boat 0.05634525 224 218 269 242
boat 0.058954194 255 102 276 131
boat 0.07557151 104 99 118 130
boat 0.08164881 333 100 349 134
boat 0.10207182 89 138 108 153
boat 0.10437519 220 101 236 132
boat 0.11234743 381 109 397 121
boat 0.11348738 263 101 280 129
boat 0.21290776 132 99 147 130
boat 0.21837786 442 108 454 124
boat 0.25736457 410 101 430 125
boat 0.29488388 72 177 105 192
boat 0.39676154 82 98 97 135
boat 0.40100423 188 98 205 133
boat 0.41801345 331 101 373 151
boat 0.43863773 227 198 269 229
boat 0.5214289 329 132 376 155
bird 0.008330734 72 177 105 192
bird 0.015798936 82 98 97 135
