train 0.008840624 24 12 175 226
train 0.108188346 0 0 500 203
sheep 0.006961781 335 163 408 231
sheep 0.8354817 197 233 458 322
person 0.005554207 401 33 466 89
person 0.12923802 435 31 469 91
person 0.1713411 338 75 414 238
person 0.80117154 248 51 350 210
person 0.82302433 341 49 472 268
person 0.9792341 79 36 163 245
dog 0.056965444 335 163 408 231
dog 0.18588781 176 230 425 318
dog 0.99925673 2 222 198 333
cow 0.007380801 335 163 408 231
chair 0.05720337 176 230 425 318
car 0.0054976502 335 59 472 212
bus 0.0073698256 0 0 500 203
