tvmonitor 0.015623124 0 0 500 236
train 0.010581258 0 11 500 277
person 0.007142567 282 224 344 289
person 0.0072666295 290 93 350 149
person 0.007557212 266 223 300 287
person 0.011670148 321 109 362 144
person 0.02443833 292 102 319 148
person 0.025461746 282 181 320 246
person 0.104485594 319 256 387 326
person 0.12596825 362 109 390 145
person 0.19007027 300 240 377 375
person 0.94951963 232 225 289 365
person 0.99638504 283 220 341 371
bus 0.0060485173 0 0 500 236
boat 0.4098158 0 11 500 277
