diningtable 0.008409025 365 21 422 72
diningtable 0.017903682 335 19 405 73
diningtable 0.03194745 297 15 377 73
chair 0.0051137856 441 15 471 44
chair 0.0051545855 353 24 390 80
chair 0.007441317 180 23 213 74
chair 0.011413907 323 18 356 74
chair 0.0127682155 188 28 207 67
chair 0.056954075 392 22 428 76
chair 0.11558813 217 19 253 77
chair 0.46892592 379 21 414 76
chair 0.5271642 418 23 456 75
chair 0.83120054 159 24 200 75
chair 0.8466325 432 19 473 75
chair 0.9463264 335 16 379 77
chair 0.9856245 290 13 333 77
