pottedplant 0.009442128 441 256 455 294
pottedplant 0.027142 429 252 442 289
pottedplant 0.030524366 320 232 337 285
person 0.005040954 414 267 421 288
person 0.005621758 244 225 277 355
person 0.0056317407 7 254 25 286
person 0.0065986053 24 255 38 287
person 0.007669061 443 264 452 289
person 0.011573396 471 234 485 286
person 0.012424184 490 237 499 299
person 0.016927032 478 254 494 297
person 0.023798026 205 269 223 327
person 0.048714634 447 253 461 286
person 0.18896759 16 256 32 288
person 0.20138335 441 255 455 290
person 0.20542854 42 256 56 296
person 0.22695756 429 252 442 289
person 0.5466903 473 226 497 296
person 0.59540266 160 245 189 309
person 0.99754137 211 200 272 375
person 0.99755967 364 196 420 340
motorbike 0.008971061 441 255 455 290
horse 0.0053272145 441 256 455 294
bicycle 0.0075058215 478 254 494 297
bicycle 0.008224062 441 256 455 294
