person 0.0050083 492 142 499 202
person 0.005434511 458 149 492 182
person 0.022477085 204 181 239 250
person 0.12411634 74 170 89 198
person 0.33406293 464 158 487 189
person 0.9902994 227 158 265 264
cat 0.008974193 255 135 497 282
car 0.0061754207 203 157 247 185
car 0.007651016 154 171 200 194
car 0.008354218 4 171 84 216
car 0.008808711 409 120 500 164
car 0.009180803 179 159 267 198
car 0.013257657 451 131 500 157
car 0.014527448 210 174 276 251
car 0.024081152 131 177 228 218
car 0.057338562 461 158 491 189
car 0.111732446 438 138 498 181
car 0.14196068 9 179 55 209
car 0.93523145 258 128 494 276
car 0.99496126 42 177 211 249
bus 0.009425739 258 128 494 276
