pottedplant 0.0077531063 392 198 432 272
pottedplant 0.009001324 407 234 445 267
pottedplant 0.0114935385 361 151 389 239
pottedplant 0.013099966 440 228 497 286
pottedplant 0.013714302 377 230 447 276
pottedplant 0.013737531 468 249 489 288
pottedplant 0.013740042 487 250 498 303
pottedplant 0.013854783 90 167 126 196
pottedplant 0.014300722 257 198 289 227
pottedplant 0.017663628 475 189 499 284
pottedplant 0.017793313 381 236 418 263
pottedplant 0.027041137 349 228 367 246
pottedplant 0.055111516 366 222 390 258
pottedplant 0.0590696 82 147 121 204
pottedplant 0.059464235 0 22 128 123
pottedplant 0.06044844 344 81 402 234
pottedplant 0.086474836 380 173 408 266
pottedplant 0.09471589 410 155 500 274
pottedplant 0.5396508 477 248 498 292
pottedplant 0.68458927 345 212 365 249
boat 0.018183235 0 22 128 123
