pottedplant 0.0051550735 87 154 100 172
pottedplant 0.005213064 438 194 498 352
pottedplant 0.013263058 28 115 59 184
pottedplant 0.016348949 3 98 28 185
pottedplant 0.017431188 436 86 500 317
pottedplant 0.018706305 89 149 110 171
pottedplant 0.029187262 122 134 145 169
pottedplant 0.043400723 12 141 31 180
pottedplant 0.09927997 118 95 180 163
pottedplant 0.7314787 1 89 47 173
pottedplant 0.751201 391 0 497 346
pottedplant 0.8938737 59 133 81 169
person 0.0111098485 5 201 117 321
person 0.014921937 9 227 178 351
person 0.073175654 312 53 330 81
chair 0.0053165895 4 231 84 294
chair 0.005401627 2 146 59 298
chair 0.005511928 12 141 31 180
chair 0.006456008 226 171 425 346
chair 0.010468706 87 154 100 172
chair 0.013008891 5 201 117 321
chair 0.014964813 33 156 69 181
chair 0.023402382 32 145 59 177
chair 0.02587384 89 149 110 171
chair 0.045609705 58 141 83 176
chair 0.1489436 9 227 178 351
