tvmonitor 0.98997366 65 129 143 194
sofa 0.012239117 288 124 349 167
sofa 0.17885734 309 121 403 164
sofa 0.21361126 210 161 374 240
sofa 0.30972898 181 150 404 291
person 0.070120335 207 173 309 226
person 0.08221264 268 168 372 233
person 0.93412185 198 162 386 266
dog 0.007828217 207 173 309 226
dog 0.010392785 198 162 386 266
dog 0.019647289 291 163 375 234
diningtable 0.008080185 181 126 255 194
diningtable 0.012364446 290 129 380 172
diningtable 0.019075176 265 122 337 167
diningtable 0.028318582 358 124 423 184
diningtable 0.033831507 244 119 302 171
diningtable 0.26099735 309 121 403 164
chair 0.005404326 380 116 399 133
chair 0.00916725 358 120 404 150
chair 0.0099653285 360 134 399 168
chair 0.0127229905 376 125 401 162
chair 0.015158716 246 109 268 162
chair 0.015468827 230 161 396 262
chair 0.019232558 275 122 295 165
chair 0.023020305 285 120 315 169
chair 0.037075642 0 193 55 354
chair 0.041230857 298 124 327 159
chair 0.04773998 319 126 360 162
chair 0.054004055 341 120 411 164
chair 0.05679138 371 113 406 138
chair 0.0673605 392 141 427 208
chair 0.08508002 374 120 414 191
chair 0.08653524 343 127 380 160
chair 0.24597466 288 124 349 167
chair 0.51185584 182 129 219 199
chair 0.9483752 245 117 283 172
chair 0.9950453 418 118 474 211
