sheep 0.0068276883 192 390 317 495
sheep 0.040615603 138 234 252 479
pottedplant 0.0056223692 17 354 276 500
pottedplant 0.006149818 334 434 375 497
pottedplant 0.010792291 138 234 252 479
pottedplant 0.15831275 43 346 185 477
pottedplant 0.1917222 192 390 317 495
person 0.01125473 192 390 317 495
person 0.024322404 0 0 16 45
person 0.035191406 9 0 42 55
person 0.06707598 335 0 375 33
person 0.29261342 25 0 57 56
person 0.9552344 246 333 333 494
person 0.9944127 134 145 256 432
motorbike 0.6693701 138 234 252 479
horse 0.062736124 138 234 252 479
dog 0.013855096 25 0 57 56
bottle 0.005276961 155 251 241 308
