person 0.005782056 293 202 307 255
person 0.0068514096 65 184 81 220
person 0.008324223 268 202 283 243
person 0.009263408 0 192 18 275
person 0.009915396 35 201 50 257
person 0.010741625 264 197 289 275
person 0.01290537 28 189 58 253
person 0.01782208 280 196 307 268
person 0.018514816 51 187 71 219
person 0.020079946 1 187 10 237
person 0.034491245 74 190 105 285
person 0.034580667 286 202 302 255
person 0.038669217 276 202 290 256
person 0.060816027 17 200 33 258
person 0.23550077 247 129 272 264
person 0.3691802 19 194 48 270
person 0.38528407 173 197 196 265
person 0.44314986 78 197 122 340
person 0.97835624 25 199 96 355
person 0.9793379 245 191 275 278
horse 0.006876409 173 197 196 265
car 0.007860873 3 199 20 243
car 0.008333391 1 193 6 231
car 0.008546555 0 181 17 256
car 0.01158325 16 191 47 256
car 0.09054035 1 187 10 237
