pottedplant 0.011669497 456 186 486 243
pottedplant 0.04601179 384 129 440 230
pottedplant 0.06450535 398 153 430 231
pottedplant 0.09376445 447 199 469 239
pottedplant 0.16886644 413 166 445 231
pottedplant 0.19190413 420 202 442 233
pottedplant 0.75058264 385 138 417 217
person 0.07825437 52 192 95 247
diningtable 0.0052482104 238 200 352 351
diningtable 0.012166109 28 243 163 375
diningtable 0.027914435 0 228 437 360
diningtable 0.056643993 154 223 335 363
diningtable 0.6069629 76 210 277 375
chair 0.0071246587 57 202 211 341
chair 0.0073751304 340 185 377 253
chair 0.01760416 8 280 115 375
chair 0.029063733 107 191 182 357
chair 0.029875942 45 199 126 352
chair 0.13123411 302 191 367 326
chair 0.14678441 28 243 163 375
chair 0.35651094 1 252 67 374
chair 0.77639025 144 223 264 372
chair 0.90609217 251 198 345 354
bottle 0.008357405 152 171 165 209
bottle 0.097991966 52 192 95 247
