car 0.006106694 242 123 391 150
boat 0.020773679 205 121 309 152
boat 0.021687452 141 151 256 204
boat 0.023646345 21 119 117 171
boat 0.024826093 333 119 418 159
boat 0.025455372 125 75 204 125
boat 0.025788752 53 120 152 164
boat 0.030096984 349 118 393 149
boat 0.034982614 13 169 74 195
boat 0.03601989 158 77 413 137
boat 0.036940884 0 90 25 189
boat 0.040998805 198 105 357 138
boat 0.04870534 126 58 199 107
boat 0.075523995 128 107 358 197
boat 0.10540893 66 145 148 205
boat 0.15185887 103 80 308 163
boat 0.18514775 11 130 88 191
boat 0.32940304 23 101 155 197
boat 0.3462592 45 127 126 193
boat 0.94298524 196 138 462 213
boat 0.9505652 93 92 269 211
