tvmonitor 0.011299428 476 137 500 233
tvmonitor 0.023398641 437 129 497 204
person 0.00934087 391 84 409 124
person 0.00978083 474 104 499 142
person 0.011043235 400 95 464 206
person 0.01426588 59 46 116 99
person 0.01448751 398 119 432 207
person 0.015519025 476 137 500 233
person 0.026488723 173 77 201 114
person 0.03171085 384 70 416 150
person 0.040456414 418 104 450 192
person 0.04253792 371 62 429 197
person 0.04711737 437 107 474 143
person 0.052173574 435 105 494 158
person 0.06545156 437 114 499 216
person 0.19711532 58 54 117 166
person 0.20976111 431 108 473 184
person 0.4805424 6 89 102 337
person 0.6756086 393 81 427 180
person 0.79489243 99 84 184 296
person 0.9880828 182 50 309 313
person 0.9974276 285 37 422 354
chair 0.005229022 120 237 295 354
chair 0.005621559 287 148 432 353
chair 0.0063738846 476 137 500 233
chair 0.006543051 0 208 22 354
chair 0.02448062 399 211 494 348
chair 0.33676296 36 278 247 352
