person 0.010497784 139 94 174 192
person 0.013776574 2 42 53 500
person 0.016752474 56 90 147 195
person 0.01725439 221 105 263 139
person 0.019203622 294 105 370 173
person 0.027248103 247 118 273 156
person 0.035516582 199 101 224 139
person 0.047076527 0 117 18 161
person 0.12316158 0 83 57 318
person 0.13779643 202 110 238 146
person 0.1463845 127 78 191 398
person 0.15330389 230 112 271 148
person 0.15534848 258 91 334 154
person 0.21247643 119 89 156 194
person 0.23633032 0 90 63 200
person 0.33810294 221 100 281 154
person 0.4476336 99 86 141 169
person 0.83517635 261 101 365 488
person 0.99758065 11 89 150 500
person 0.99984384 143 93 304 496
