pottedplant 0.006428858 1 341 21 375
pottedplant 0.008299448 69 247 147 302
pottedplant 0.008635905 161 273 203 348
pottedplant 0.009736899 0 296 8 357
pottedplant 0.010875219 158 249 246 294
pottedplant 0.013043931 2 312 21 375
pottedplant 0.01667112 206 238 244 265
pottedplant 0.019800123 0 274 6 340
pottedplant 0.021363167 176 275 221 351
pottedplant 0.032067206 4 185 67 360
pottedplant 0.04937602 0 329 9 375
pottedplant 0.46869928 4 275 76 345
pottedplant 0.50704616 89 249 192 357
pottedplant 0.59124666 224 257 341 355
person 0.0063918787 476 9 499 375
person 0.99477684 384 33 500 366
dog 0.009178584 89 249 192 357
