pottedplant 0.0074753687 151 251 186 284
pottedplant 0.012382459 163 243 185 277
person 0.0188685 433 132 498 260
person 0.049994648 449 153 486 240
person 0.9839531 91 99 345 332
diningtable 0.0051290817 44 259 169 290
diningtable 0.00983435 6 262 190 322
diningtable 0.016249506 38 286 172 330
diningtable 0.16729997 0 264 58 330
chair 0.0051828898 39 269 172 313
chair 0.0056792344 68 233 114 262
chair 0.006845636 123 119 365 333
chair 0.011289232 98 257 141 283
chair 0.020157574 60 250 100 286
chair 0.026412185 1 252 31 280
chair 0.08155964 326 225 389 326
chair 0.5636373 0 256 50 333
bottle 0.0066687856 164 243 177 259
bottle 0.015029382 151 251 186 284
bottle 0.052065928 161 243 182 276
