tvmonitor 0.01759539 255 24 292 62
sofa 0.027697455 436 152 498 318
pottedplant 0.0050721713 110 171 134 214
pottedplant 0.010702571 475 32 500 126
pottedplant 0.022487756 202 166 233 231
pottedplant 0.080092125 213 153 297 230
person 0.006681149 103 175 136 223
diningtable 0.005275693 411 146 500 318
diningtable 0.98998654 137 222 366 333
chair 0.008253724 1 174 41 253
chair 0.009872581 85 219 171 295
chair 0.017951362 2 196 26 309
chair 0.020965528 10 169 80 230
chair 0.03155716 213 153 297 230
chair 0.042553294 103 175 136 223
chair 0.043939188 202 166 233 231
chair 0.060141794 411 146 500 318
chair 0.15543404 0 191 90 311
chair 0.3782687 175 221 371 333
chair 0.5575804 292 174 366 259
chair 0.8697393 96 226 199 331
cat 0.0061776037 103 175 136 223
