sheep 0.0066885888 0 156 11 230
sheep 0.013873716 37 171 90 265
sheep 0.044992913 0 112 25 207
sheep 0.5782434 34 140 152 261
sheep 0.98801666 312 165 448 273
sheep 0.9905117 1 156 41 227
aeroplane 0.005219848 333 0 467 84
aeroplane 0.010297 424 27 437 36
aeroplane 0.013064842 447 32 464 40
aeroplane 0.013775013 479 20 494 39
aeroplane 0.014331095 469 24 486 37
aeroplane 0.018911436 413 5 496 48
aeroplane 0.03665838 456 17 497 40
aeroplane 0.052482486 438 31 457 40
aeroplane 0.057083808 420 22 473 41
aeroplane 0.07032846 428 27 446 37
