pottedplant 0.008507072 7 77 49 142
pottedplant 0.008855683 1 88 12 143
pottedplant 0.0102104265 0 98 22 131
pottedplant 0.010433286 29 98 53 138
pottedplant 0.015206288 26 76 68 143
pottedplant 0.020853123 13 37 86 152
person 0.0059034764 70 44 89 91
person 0.005942562 82 59 102 95
person 0.006071959 65 57 104 160
person 0.008291823 65 54 85 100
person 0.008864299 13 60 83 125
person 0.010790156 6 23 133 215
person 0.015954342 105 39 145 106
person 0.018773193 64 43 100 106
person 0.05497934 68 34 145 153
person 0.058157876 54 53 208 245
person 0.12706837 48 47 90 137
person 0.3099243 86 44 162 218
person 0.84144676 35 39 104 180
person 0.9891585 109 48 297 363
person 0.9989406 243 0 500 395
diningtable 0.03798378 73 58 283 258
chair 0.0059628207 0 98 22 131
chair 0.0063054487 1 71 23 150
chair 0.007582387 1 82 12 131
chair 0.0100888675 7 77 49 142
chair 0.010730373 91 118 165 253
chair 0.01115508 3 65 24 108
chair 0.0135594355 26 76 68 143
chair 0.0138777625 64 83 196 226
chair 0.016116528 294 66 500 391
chair 0.75099015 249 137 319 241
car 0.032252807 295 56 333 73
