tvmonitor 0.008832836 29 160 143 271
person 0.0056188814 0 39 13 242
person 0.0059544723 449 124 483 201
person 0.006092404 126 94 138 118
person 0.0067089614 485 126 500 312
person 0.0069117537 328 102 489 359
person 0.008285103 0 40 123 347
person 0.012915113 471 88 500 349
person 0.017254673 432 120 473 203
person 0.022129733 382 148 500 293
person 0.0766266 393 125 477 233
person 0.114828534 129 89 146 149
person 0.16289125 434 112 500 328
person 0.26331505 2 16 63 228
person 0.40722263 125 92 140 145
person 0.99933213 199 98 447 379
diningtable 0.0072392016 382 148 500 293
diningtable 0.011158335 221 135 495 372
chair 0.037255295 29 160 143 271
chair 0.04254877 167 123 421 379
