aeroplane 0.005796495 249 194 284 204
aeroplane 0.0059544495 183 166 205 176
aeroplane 0.006702612 413 250 490 284
aeroplane 0.008989213 302 194 365 232
aeroplane 0.0094547365 270 195 291 206
aeroplane 0.010829529 377 235 491 275
aeroplane 0.023621526 303 219 346 239
aeroplane 0.028117143 326 221 340 239
aeroplane 0.04380105 331 200 354 217
aeroplane 0.058745828 447 259 468 276
aeroplane 0.06417514 398 230 418 246
aeroplane 0.082598865 172 164 201 177
aeroplane 0.14850213 386 228 427 247
aeroplane 0.32595852 321 198 359 220
aeroplane 0.4909039 435 258 478 278
aeroplane 0.88578796 250 190 293 208
aeroplane 0.9572488 164 159 207 179
