sofa 0.014091496 4 218 65 335
sofa 0.02177249 2 257 81 364
pottedplant 0.06560507 455 103 500 174
person 0.0069007925 1 212 28 299
person 0.007991782 350 165 423 272
person 0.011971608 3 232 68 354
diningtable 0.005951255 353 166 425 235
diningtable 0.007238286 191 180 264 283
diningtable 0.009447199 149 175 212 294
diningtable 0.02817627 155 172 242 219
diningtable 0.031172566 167 172 234 270
diningtable 0.13002636 334 172 447 259
diningtable 0.8944714 107 183 249 285
chair 0.014245005 76 176 133 231
chair 0.015842268 1 167 60 306
chair 0.02226807 0 157 21 240
chair 0.024387306 6 291 65 364
chair 0.031989537 0 223 44 293
chair 0.034028105 181 166 220 267
chair 0.03694108 149 175 212 294
chair 0.037764672 163 171 201 263
chair 0.051554605 383 158 432 186
chair 0.07135958 5 239 64 307
chair 0.09160412 201 170 238 266
chair 0.095547356 407 176 475 250
chair 0.54297674 0 236 83 354
chair 0.55188155 414 181 494 291
chair 0.6649814 78 181 141 281
chair 0.69024956 430 192 500 357
chair 0.9394424 117 190 197 310
chair 0.98251134 349 181 415 280
chair 0.9845713 316 170 358 253
chair 0.9889495 204 185 286 291
bottle 0.0057843323 188 167 204 196
bottle 0.0069947797 160 171 172 188
bottle 0.009412864 154 174 168 190
bottle 0.021573458 192 170 201 189
bicycle 0.010710771 416 182 500 364
