person 0.0064440677 474 0 500 333
person 0.006687515 480 0 499 169
person 0.07719378 448 0 498 333
person 0.3526121 447 0 499 168
diningtable 0.9483047 17 88 495 333
chair 0.0050344644 30 6 102 115
chair 0.006335514 1 86 21 226
chair 0.0070458427 1 0 62 102
chair 0.0075375936 0 8 19 155
chair 0.009619075 246 12 308 141
chair 0.01047095 447 0 499 208
chair 0.010878425 69 9 195 111
chair 0.012859825 30 239 232 333
chair 0.012921911 0 31 62 202
chair 0.12372665 0 2 90 155
bottle 0.95749897 178 93 204 177
bottle 0.9669837 288 86 316 184
