pottedplant 0.007335521 0 133 9 193
pottedplant 0.016272131 67 173 91 206
person 0.007295739 424 51 454 142
person 0.008507064 436 51 466 143
person 0.02193534 0 140 8 200
motorbike 0.017078547 308 141 335 181
car 0.0052874903 252 148 278 181
car 0.0058681667 173 166 219 192
car 0.008478037 367 161 408 224
car 0.009908285 407 139 499 180
car 0.014060302 67 173 91 206
car 0.02369637 138 163 161 199
car 0.029358609 277 152 315 183
car 0.11463783 308 141 335 181
car 0.11855057 148 153 215 195
car 0.15136746 187 154 230 187
car 0.41678983 269 139 332 181
car 0.93062407 205 143 276 187
