pottedplant 0.034450606 394 130 409 173
person 0.008226031 395 37 404 53
person 0.009463942 386 36 392 55
diningtable 0.007595038 99 189 183 357
diningtable 0.97008365 59 212 280 365
chair 0.008303125 178 203 263 268
chair 0.008326704 191 184 301 285
chair 0.022504611 100 190 140 219
chair 0.4829024 99 189 183 357
chair 0.6352367 157 220 270 369
chair 0.79735345 13 215 115 371
chair 0.98632634 246 186 304 318
bottle 0.006081076 386 67 396 84
bottle 0.006719929 414 41 421 54
bottle 0.0074668024 350 146 356 179
bottle 0.009131147 354 132 366 177
bottle 0.01056643 362 133 375 176
bottle 0.012606336 404 39 411 54
bottle 0.021803278 394 130 409 173
bottle 0.022015229 348 133 358 176
bottle 0.02420023 395 37 404 53
bottle 0.03205625 386 36 392 55
