person 0.0050446223 203 210 229 254
person 0.0057467828 350 236 395 308
person 0.017296158 205 242 264 304
person 0.044202525 125 219 201 290
person 0.073016405 389 231 434 310
person 0.32216752 218 218 257 295
person 0.94954944 323 212 386 304
person 0.9843518 381 201 417 310
person 0.9850414 199 207 233 297
person 0.9958459 138 200 177 301
motorbike 0.011581584 413 244 454 308
motorbike 0.02233644 288 242 437 314
motorbike 0.025040802 123 242 213 317
motorbike 0.06955169 376 239 452 312
motorbike 0.11608406 205 242 264 304
bicycle 0.027220085 413 244 454 308
bicycle 0.05179436 140 235 185 311
bicycle 0.4420454 376 239 452 312
bicycle 0.7257854 187 243 261 304
bicycle 0.913243 123 242 213 317
bicycle 0.9438614 288 242 437 314
