tvmonitor 0.061229546 99 84 166 140
person 0.006304249 97 87 170 148
diningtable 0.007811232 82 198 273 452
diningtable 0.9862383 103 189 260 293
chair 0.0070092776 132 168 167 272
chair 0.007055352 185 175 227 266
chair 0.007387998 166 205 252 274
chair 0.0074141547 170 174 209 268
chair 0.008542793 214 177 249 213
chair 0.008645537 226 212 264 297
chair 0.008711988 93 170 117 203
chair 0.011598226 102 207 190 276
chair 0.011945479 192 176 255 232
chair 0.012457213 84 225 149 409
chair 0.015717618 225 181 262 264
chair 0.01604767 104 220 153 285
chair 0.017227028 98 162 159 205
chair 0.018306797 149 186 230 295
chair 0.03622152 183 175 224 201
chair 0.040785473 110 165 151 238
chair 0.05652305 117 164 151 195
chair 0.1563667 91 201 135 284
chair 0.37353384 95 164 161 283
chair 0.5472152 193 186 263 295
