sofa 0.0072450717 9 84 90 152
sofa 0.008779333 11 40 85 194
sofa 0.06291683 303 59 421 207
sofa 0.46548587 304 69 497 275
person 0.0066905753 11 58 83 213
person 0.010651086 37 70 163 187
person 0.022702431 28 84 100 147
person 0.029619427 328 100 477 225
person 0.05158533 307 57 373 221
person 0.07518717 329 52 416 189
person 0.7686416 296 57 430 262
person 0.88407284 4 9 90 157
person 0.8848501 27 85 154 295
person 0.95114917 305 75 500 333
person 0.98599714 210 8 298 187
person 0.98705196 99 18 176 188
dog 0.033383183 28 84 100 147
diningtable 0.0051143584 11 40 85 194
diningtable 0.00705522 9 84 90 152
chair 0.0090767555 395 76 445 152
chair 0.010509919 305 60 372 187
chair 0.01054198 0 61 9 147
chair 0.021715695 9 84 90 152
chair 0.03191709 31 185 146 286
chair 0.04640598 12 96 47 175
chair 0.059291188 304 72 423 233
chair 0.07461514 11 40 85 194
chair 0.08597648 203 22 288 202
chair 0.09320908 0 67 17 166
chair 0.13387598 368 222 500 333
chair 0.2915789 92 60 165 209
chair 0.7350757 309 117 500 333
cat 0.005668035 28 84 100 147
bottle 0.0061726877 338 182 352 237
bottle 0.017407376 342 188 358 249
bottle 0.51253754 347 183 373 250
