tvmonitor 0.01245641 329 294 350 345
person 0.0054995967 76 295 155 419
person 0.044273105 235 341 309 485
person 0.6515669 25 301 138 403
person 0.9710695 301 337 374 481
person 0.999905 119 79 272 500
diningtable 0.021217061 0 399 164 491
chair 0.021208355 311 337 375 482
car 0.012565909 58 0 221 29
bottle 0.01021557 10 377 29 422
bottle 0.010692738 281 406 296 450
bottle 0.018201062 286 390 310 476
bottle 0.044519108 53 358 67 422
bottle 0.11057876 31 358 55 429
bottle 0.19176425 71 360 82 416
bottle 0.24041167 58 358 73 421
bottle 0.33244285 29 365 46 416
aeroplane 0.008883748 58 0 221 29
