sofa 0.02874114 69 157 276 251
sofa 0.10888447 40 174 299 317
person 0.0102459015 69 157 276 251
person 0.012696969 145 177 352 320
person 0.03319511 0 240 10 315
person 0.03663733 260 130 378 232
person 0.057711944 75 187 260 321
person 0.16297081 318 134 383 330
person 0.5735394 210 188 304 332
person 0.817092 279 169 358 325
person 0.8465721 90 200 169 318
person 0.94740033 156 200 234 328
chair 0.01055722 40 174 299 317
chair 0.01743235 71 188 198 323
chair 0.12295478 412 203 498 333
bottle 0.03080263 0 240 10 315
