sofa 0.005161587 15 115 191 201
sofa 0.014022302 12 65 200 141
person 0.005438283 192 15 218 44
person 0.006005079 143 24 182 88
person 0.0070009194 0 117 126 328
person 0.008018775 74 251 277 365
person 0.009122842 35 66 68 101
person 0.009538303 26 46 178 119
person 0.010085248 14 56 55 84
person 0.019317286 189 24 225 51
person 0.025851585 221 7 262 73
person 0.025933022 147 17 213 61
person 0.0647578 156 22 195 54
person 0.08914745 5 53 63 105
person 0.104791455 1 156 63 356
person 0.10932206 23 59 64 93
person 0.6829046 143 22 177 58
person 0.8056412 214 10 268 124
person 0.98963356 295 0 492 375
diningtable 0.0056682033 0 107 135 142
diningtable 0.009324742 0 132 103 187
diningtable 0.012697694 12 65 200 141
diningtable 0.015434614 0 115 102 158
diningtable 0.018550145 34 116 208 199
diningtable 0.024460902 74 251 277 365
diningtable 0.65088445 28 130 167 246
chair 0.0072988346 1 108 23 211
chair 0.009493851 0 171 90 341
chair 0.01648322 0 136 57 298
chair 0.016897073 13 144 119 205
chair 0.02303779 0 115 102 158
chair 0.05452042 6 156 121 279
chair 0.35551375 28 130 167 246
bottle 0.030384023 215 251 296 326
