person 0.009861977 474 244 497 287
person 0.009947128 487 233 500 283
person 0.010936794 276 134 291 151
person 0.012201976 472 230 497 270
person 0.012982131 461 231 494 286
person 0.014929685 193 123 204 141
person 0.016867712 254 133 278 172
person 0.017749019 292 132 315 171
person 0.020848451 468 239 488 277
person 0.02591164 300 128 324 174
person 0.02769423 272 133 294 169
person 0.06904724 0 162 21 333
person 0.30674037 469 234 499 317
person 0.9385207 49 212 91 321
person 0.9706726 247 137 295 240
person 0.98381275 292 135 335 245
person 0.9957185 2 163 44 333
person 0.99577624 199 112 248 247
person 0.998545 114 117 163 230
person 0.99862325 162 118 205 235
boat 0.12068495 81 0 493 333
