person 0.0054906206 418 155 496 305
person 0.0065421886 375 239 411 300
person 0.010763696 293 209 313 250
person 0.011208899 285 201 318 272
person 0.11295745 394 213 423 297
person 0.13420685 303 206 324 251
person 0.8613021 377 186 404 297
person 0.8661567 368 185 391 299
motorbike 0.05342937 375 239 411 300
car 0.0071256976 0 160 6 243
car 0.05028183 431 155 500 305
car 0.05207234 8 154 119 301
car 0.82592237 162 172 209 244
bus 0.006918775 91 154 128 240
bus 0.014254517 206 162 308 225
bus 0.024448548 345 150 480 258
bus 0.02566321 165 168 230 236
bus 0.13038364 108 154 140 238
bus 0.73027205 409 150 500 286
bus 0.91739774 9 142 123 288
bus 0.9482797 186 152 322 264
bicycle 0.006313053 360 222 427 287
bicycle 0.010535245 393 237 426 301
bicycle 0.3167334 375 239 411 300
