tvmonitor 0.007260676 0 46 115 177
person 0.005464213 9 15 25 61
person 0.005537301 315 38 353 75
person 0.0077003157 353 143 436 209
person 0.012802408 302 56 374 178
person 0.01495 374 163 447 228
person 0.01861549 438 22 497 294
person 0.024131496 324 81 389 278
person 0.03252608 354 102 436 257
person 0.037846994 237 64 319 206
person 0.05682694 372 135 447 301
person 0.061739307 28 17 45 57
person 0.080952995 343 80 411 353
person 0.08203315 336 81 380 165
person 0.102523275 376 49 459 160
person 0.35497853 357 67 457 372
person 0.69536203 311 37 355 127
person 0.88358945 391 33 496 375
person 0.9803745 261 55 371 375
person 0.9980567 116 17 289 375
person 0.9981162 4 51 129 372
bottle 0.005640466 351 113 440 324
bottle 0.0056589795 374 163 447 228
bottle 0.007782074 67 18 79 78
bottle 0.009069544 14 17 30 59
bottle 0.009288133 9 15 25 61
bottle 0.01812563 46 17 59 60
bottle 0.026582116 84 27 99 71
bottle 0.30530417 28 17 45 57
