sheep 0.0064829206 345 263 398 297
person 0.03252339 413 265 457 294
horse 0.016647384 413 265 457 294
horse 0.27141035 352 268 394 298
dog 0.011776659 415 271 455 296
dog 0.028831221 352 268 394 298
cow 0.0055065593 150 263 168 309
cow 0.0059735067 100 274 142 312
cow 0.02095555 207 237 247 298
cow 0.04640937 319 248 400 297
cow 0.059059933 413 265 457 294
cow 0.13978748 91 235 128 305
cow 0.4639582 345 263 398 297
cow 0.9174021 94 230 163 307
cow 0.91849613 156 234 199 300
cow 0.9620182 295 222 351 295
cow 0.9921967 208 229 281 303
boat 0.0059706015 403 252 461 298
bird 0.07602197 405 262 455 296
