car 0.0066525936 325 169 375 198
car 0.0070262565 231 176 283 201
car 0.007327314 170 176 222 200
car 0.007771974 24 162 150 189
car 0.012929155 139 164 199 188
car 0.014911838 80 164 171 193
car 0.015745135 47 165 97 184
car 0.017405018 85 166 137 185
car 0.02362111 182 170 247 196
car 0.028844507 277 173 330 206
car 0.029322416 212 173 259 195
car 0.03021083 67 166 115 185
car 0.04384216 15 164 73 182
car 0.12402298 108 168 152 191
car 0.40631154 125 168 173 192
car 0.5141167 293 172 373 205
car 0.5447448 145 166 224 199
car 0.71136326 236 168 319 203
car 0.9518606 350 172 432 208
car 0.9877277 399 175 494 215
