person 0.005287577 362 246 371 266
person 0.00652123 354 237 372 329
person 0.006853561 308 265 324 320
person 0.008944494 326 252 345 297
person 0.009309108 359 246 375 303
person 0.00951606 341 240 354 275
person 0.016299214 299 255 326 334
person 0.01649162 347 251 359 312
person 0.05139774 334 245 373 395
person 0.104325205 341 242 364 324
person 0.1210869 341 245 356 301
person 0.50147057 316 255 346 334
person 0.7405995 352 258 374 412
person 0.97576654 282 249 310 338
motorbike 0.0063988 334 255 374 410
motorbike 0.007036721 231 291 356 417
motorbike 0.008340386 285 249 310 376
motorbike 0.047426596 301 260 360 406
motorbike 0.10056178 44 252 327 446
motorbike 0.12584023 316 255 346 334
cat 0.021182435 51 245 266 454
car 0.79798126 50 238 271 429
bus 0.25410554 50 238 271 429
