tvmonitor 0.006331488 70 83 113 111
tvmonitor 0.0068508685 0 61 9 128
tvmonitor 0.007583244 1 23 22 143
tvmonitor 0.01761012 36 98 72 130
tvmonitor 0.020475198 169 16 204 44
tvmonitor 0.034147292 240 114 345 218
pottedplant 0.01372622 83 38 245 300
person 0.0052252924 72 98 113 128
person 0.009597968 484 12 498 191
person 0.009710674 221 60 263 138
person 0.92135805 175 44 234 232
person 0.9485111 243 23 497 320
person 0.9709142 217 60 273 224
person 0.99919313 47 45 213 304
diningtable 0.0053953617 6 281 127 335
diningtable 0.005836042 324 145 395 202
diningtable 0.0066805156 12 235 403 333
diningtable 0.03161151 240 114 345 218
chair 0.005500049 79 100 124 129
chair 0.006045579 218 67 272 237
chair 0.0063539883 12 235 403 333
chair 0.010206493 176 59 233 249
chair 0.022378476 261 111 343 211
bottle 0.005061321 370 190 388 232
bottle 0.006172531 343 147 360 199
bottle 0.006345798 182 20 194 40
bottle 0.0073431064 25 257 54 328
bottle 0.008509194 190 21 201 39
bottle 0.009146244 169 16 204 44
bottle 0.010920321 333 145 346 200
bottle 0.017972529 324 145 395 202
bottle 0.020515833 0 250 10 327
bottle 0.07870225 131 13 151 48
bottle 0.6878215 11 251 37 334
bottle 0.8546386 4 249 26 336
