sheep 0.00813576 0 245 92 429
sheep 0.010170305 237 204 314 270
sheep 0.013031341 72 210 241 273
sheep 0.013861939 50 237 185 275
sheep 0.013906187 130 213 174 234
sheep 0.014376466 217 303 290 366
sheep 0.0301448 34 252 124 299
sheep 0.044886936 221 202 288 247
sheep 0.05130691 21 242 96 357
sheep 0.06344946 228 223 310 375
sheep 0.10625068 129 221 218 257
sheep 0.17458452 146 245 273 339
sheep 0.22805737 178 257 294 381
sheep 0.26372862 30 199 90 243
sheep 0.292132 30 202 165 246
sheep 0.43158075 222 200 333 314
sheep 0.49857706 52 216 184 259
sheep 0.5004666 59 253 179 452
sheep 0.65319467 162 300 271 448
sheep 0.93599015 8 316 99 469
