pottedplant 0.023423227 194 326 234 354
pottedplant 0.043818086 144 192 205 246
person 0.019603431 64 196 104 270
person 0.033405785 4 159 41 245
person 0.037485383 12 222 129 493
person 0.050659757 103 171 143 234
person 0.051980864 187 168 277 273
person 0.06575451 3 172 72 464
person 0.26124516 68 133 131 232
person 0.39329028 13 201 73 320
person 0.41454864 271 195 313 252
person 0.49735326 32 220 77 299
person 0.5439386 191 161 254 232
person 0.58368963 267 197 314 324
person 0.67361677 0 176 56 341
person 0.8191351 74 184 123 263
person 0.87742865 300 158 374 437
person 0.8815249 241 161 281 215
person 0.89092743 105 134 138 202
person 0.89483076 68 132 108 204
person 0.9565626 140 146 205 216
person 0.9983679 104 209 344 498
diningtable 0.0052777547 144 192 205 246
diningtable 0.009286214 117 197 333 484
diningtable 0.99389184 18 234 270 482
chair 0.006886935 89 292 353 500
chair 0.02799543 119 478 350 500
chair 0.060427163 89 447 358 498
bottle 0.006448809 153 250 168 297
bottle 0.00882165 143 243 168 310
