train 0.12528764 182 5 476 375
pottedplant 0.0054237554 1 180 26 223
pottedplant 0.01391919 87 324 199 371
pottedplant 0.03936051 184 176 219 263
pottedplant 0.1795335 0 170 42 233
person 0.0050842487 157 254 196 286
person 0.010216406 417 203 457 271
person 0.019984761 421 177 492 249
person 0.94385046 436 177 496 328
person 0.99572086 197 91 451 375
motorbike 0.008800491 178 140 416 365
chair 0.007868449 455 296 499 370
chair 0.018668566 133 69 458 375
chair 0.047952548 211 168 272 224
car 0.09299584 178 140 416 365
bus 0.012377849 182 5 476 375
boat 0.06685937 182 5 476 375
bicycle 0.0102511905 87 324 199 371
