pottedplant 0.0053297677 188 39 223 67
pottedplant 0.0055635157 93 17 263 233
pottedplant 0.009114274 168 35 235 84
pottedplant 0.009253402 183 4 221 66
pottedplant 0.01005557 57 0 125 66
pottedplant 0.010910861 216 34 237 66
pottedplant 0.012316115 196 42 215 75
pottedplant 0.016477402 377 32 418 69
pottedplant 0.017081572 166 48 205 107
pottedplant 0.017855529 206 44 228 74
pottedplant 0.030988976 141 0 218 66
pottedplant 0.07091305 186 39 206 65
pottedplant 0.13922717 370 28 412 121
pottedplant 0.1978593 123 0 203 110
person 0.0050139143 327 67 371 129
person 0.005448827 288 61 304 96
person 0.0060290527 307 76 316 96
person 0.0060888487 303 68 321 102
person 0.0075020287 166 48 205 107
person 0.011350522 196 42 215 75
person 0.013512869 182 43 218 101
person 0.03663026 295 61 313 92
person 0.060144536 316 61 344 99
person 0.06557521 187 41 208 76
person 0.396563 313 59 355 129
person 0.7522617 303 53 336 105
person 0.9998387 122 16 366 233
diningtable 0.0054976586 85 52 357 239
chair 0.0065769753 345 20 419 134
chair 0.0068065533 171 69 199 104
chair 0.04661106 166 48 205 107
chair 0.05561368 121 47 369 241
chair 0.17903432 318 68 362 146
chair 0.3907392 367 59 414 126
car 0.005310373 491 82 500 152
car 0.0058827596 208 60 228 74
car 0.006088572 85 52 357 239
car 0.007944287 204 55 230 82
