person 0.008489045 492 191 499 274
person 0.016194357 0 176 14 317
person 0.018578853 358 201 376 245
person 0.58864444 463 196 494 273
person 0.66638285 437 200 467 264
car 0.0053957473 313 191 337 223
car 0.005858667 0 188 12 341
car 0.0085279625 228 189 245 202
car 0.009070374 222 187 263 206
car 0.010108222 270 204 283 224
car 0.03556141 307 193 365 232
car 0.03730988 330 199 373 229
car 0.057428822 268 197 287 228
car 0.35731542 319 195 345 233
car 0.55711 271 195 331 234
bus 0.005514784 319 193 385 232
bus 0.01456166 219 185 254 207
bus 0.6301993 78 171 213 244
