car 0.02098929 245 201 289 227
car 0.024223577 121 190 154 219
car 0.024395315 488 200 500 221
car 0.026084134 409 198 463 227
car 0.036363106 45 203 96 222
car 0.039187606 81 205 100 220
car 0.04749861 214 209 254 226
car 0.087578885 315 206 365 229
car 0.18921661 73 200 112 222
car 0.26409414 194 207 238 227
car 0.297343 435 195 477 231
car 0.31182373 38 209 85 227
car 0.31426018 467 203 499 232
car 0.53690654 174 199 219 225
car 0.54333496 280 207 346 228
car 0.54720265 88 201 132 223
car 0.66974455 256 197 310 230
car 0.7375791 113 200 148 225
car 0.7895964 151 202 190 226
car 0.9730827 347 199 442 234
bus 0.0071951007 38 205 84 223
bus 0.007328369 23 178 108 217
bus 0.014860896 77 192 124 217
bus 0.0490317 65 181 146 221
boat 0.0074396376 38 209 85 227
