person 0.008240769 213 166 223 184
person 0.013969477 100 167 110 183
person 0.032157063 237 212 275 306
person 0.08315621 345 160 364 191
person 0.124177806 263 156 277 187
person 0.35267544 126 149 140 182
person 0.36847997 34 155 48 178
person 0.41173065 234 159 244 184
person 0.41340208 53 158 69 179
person 0.9073438 163 116 227 436
horse 0.019713854 345 160 364 191
dog 0.012848106 53 158 69 179
dog 0.016604122 345 160 364 191
cow 0.018647032 345 160 364 191
boat 0.0065425294 9 230 200 326
boat 0.009503798 0 156 220 347
boat 0.015056425 55 157 72 182
boat 0.042522382 35 153 48 180
bird 0.0102861365 34 155 48 178
bird 0.012603229 53 158 69 179
bicycle 0.006789533 235 162 245 186
