person 0.005620013 224 228 242 326
person 0.005899631 310 225 321 244
person 0.006149059 308 220 321 234
person 0.006154144 300 226 311 244
person 0.011465425 230 236 241 276
person 0.01286792 217 231 228 277
person 0.013141994 137 226 153 267
person 0.019339208 5 236 28 267
person 0.020985944 297 226 313 288
person 0.041342586 289 229 303 284
person 0.041923612 313 215 333 312
person 0.045393176 224 233 235 276
person 0.2627625 279 222 302 294
person 0.38170317 262 227 277 286
person 0.7193024 266 227 288 296
person 0.96329665 296 221 326 307
motorbike 0.0058437344 1 235 33 267
car 0.005349979 299 220 315 233
car 0.005441106 1 238 18 255
car 0.006394306 288 228 305 243
car 0.0074863406 20 239 36 253
car 0.0113667585 7 238 27 253
car 0.014515311 279 224 315 249
car 0.019111818 19 236 51 254
car 0.033781692 38 238 49 253
car 0.06036568 0 218 48 264
car 0.23175952 29 239 46 254
car 0.5800079 1 232 35 261
bus 0.08072981 2 216 42 265
bus 0.99989104 49 79 233 336
