tvmonitor 0.03923207 173 163 230 224
tvmonitor 0.08048767 2 116 84 238
sofa 0.018320344 322 165 469 271
sofa 0.030056147 264 191 389 312
sofa 0.032457985 268 143 393 258
sofa 0.750082 247 145 471 300
person 0.0060697636 267 160 334 347
person 0.0063585755 312 181 392 319
person 0.00857868 96 111 110 156
person 0.027337376 101 115 115 153
person 0.030677684 268 254 333 370
person 0.037446916 340 281 476 375
person 0.40614876 304 265 375 373
person 0.5040582 262 138 339 260
person 0.87267256 266 151 398 291
person 0.99860495 80 75 219 375
diningtable 0.008514501 217 232 273 346
diningtable 0.020170363 166 236 329 347
diningtable 0.022467477 0 244 123 363
chair 0.005999143 74 113 219 375
chair 0.0060353125 395 204 469 274
chair 0.0071710437 265 143 338 283
chair 0.0072564553 2 116 84 238
chair 0.008300069 0 96 104 362
chair 0.010198642 264 191 389 312
chair 0.016933113 173 163 230 224
bottle 0.0062344423 207 228 230 317
bottle 0.011432163 264 296 279 340
bottle 0.014217494 210 227 226 272
bottle 0.024632042 218 220 234 261
bottle 0.0910278 227 214 247 294
bottle 0.17027633 236 231 248 286
