pottedplant 0.0051262057 135 123 198 179
pottedplant 0.0052121338 113 164 144 217
pottedplant 0.00540254 73 180 149 220
pottedplant 0.0056026606 149 131 184 205
pottedplant 0.0074026347 130 179 198 221
pottedplant 0.007490127 37 158 72 210
pottedplant 0.011103486 98 171 160 213
pottedplant 0.013014432 161 154 199 221
pottedplant 0.015526433 132 123 162 212
pottedplant 0.018724507 206 112 261 164
pottedplant 0.01947953 150 181 184 214
pottedplant 0.022946022 220 190 251 247
pottedplant 0.024338843 148 114 214 224
pottedplant 0.027142335 100 177 132 208
pottedplant 0.037688006 120 180 160 207
pottedplant 0.043111537 179 177 213 232
pottedplant 0.082616895 164 108 267 212
pottedplant 0.10396832 166 176 187 207
person 0.0050657955 0 175 6 241
person 0.025823792 32 177 49 203
person 0.026537789 38 176 54 207
car 0.0081135975 0 164 8 216
car 0.022042785 14 150 73 196
car 0.030766666 32 177 49 203
car 0.031959932 38 176 54 207
car 0.051836636 0 175 6 241
boat 0.010457787 12 82 141 172
