tvmonitor 0.00565499 50 73 120 131
pottedplant 0.005982968 240 2 253 16
pottedplant 0.011542747 439 53 493 186
person 0.03313792 240 49 264 88
person 0.03420279 449 52 482 83
person 0.034710634 48 72 122 173
person 0.034866843 446 59 488 143
person 0.06655957 79 85 196 208
person 0.08733649 283 40 307 79
person 0.11635038 164 64 235 173
person 0.17034416 1 56 55 184
person 0.18609251 63 92 150 263
person 0.30995542 122 59 165 116
person 0.47418833 179 60 219 112
person 0.6344822 117 65 167 177
person 0.6960913 356 79 428 200
person 0.7157177 333 51 379 141
person 0.7390239 139 79 220 205
person 0.84481454 274 39 318 93
person 0.8772015 228 46 263 104
person 0.9209429 335 57 407 185
person 0.9542725 20 96 174 355
person 0.9998109 316 102 498 359
motorbike 0.0071618063 350 129 500 375
diningtable 0.047716204 160 95 353 191
diningtable 0.23536344 123 99 380 290
diningtable 0.9988877 46 79 448 375
chair 0.0051240707 354 89 429 216
chair 0.008491344 350 129 500 375
chair 0.009243362 48 72 122 173
bottle 0.008188187 271 68 279 87
bottle 0.008486521 279 66 287 86
bottle 0.010053332 267 69 282 103
bottle 0.010216512 278 73 287 97
bottle 0.010373308 250 157 264 205
bottle 0.011397719 270 75 279 97
bottle 0.013331996 247 106 263 165
bottle 0.017435867 266 94 280 158
bottle 0.019896412 280 99 301 174
bottle 0.043223906 275 67 289 106
bottle 0.0500906 251 118 273 191
bottle 0.16519456 259 115 276 170
bottle 0.21535513 267 104 288 176
bottle 0.3630256 277 110 290 173
