person 0.009848313 56 67 68 86
person 0.009917123 20 64 28 91
person 0.015094646 73 66 86 85
person 0.021610629 26 64 59 92
person 0.02340243 1 58 12 94
person 0.04916843 67 65 78 87
person 0.10235397 34 63 51 100
person 0.11810879 44 61 59 94
person 0.15902905 5 60 20 92
person 0.4004661 25 64 41 100
car 0.0054295366 335 78 386 112
car 0.007682697 36 47 164 120
car 0.007927643 494 89 499 118
car 0.0103880605 494 84 500 163
car 0.023855109 52 40 168 81
car 0.028475946 457 88 497 107
car 0.033137634 26 64 59 92
car 0.081907496 324 74 421 118
car 0.38500232 306 80 440 163
car 0.9907308 435 94 500 150
car 0.99999034 59 42 458 301
boat 0.006824201 24 19 182 90
