tvmonitor 0.005545728 174 62 197 96
tvmonitor 0.0057077375 167 61 240 112
tvmonitor 0.006848485 63 22 116 44
tvmonitor 0.051924232 173 27 206 70
tvmonitor 0.0761522 55 71 125 136
tvmonitor 0.18952389 53 23 120 61
tvmonitor 0.27119303 207 57 246 86
tvmonitor 0.33820778 137 63 176 113
sofa 0.0054723327 152 94 432 173
sofa 0.008618213 144 86 279 169
sofa 0.06970838 291 58 430 136
pottedplant 0.013022218 214 24 236 54
person 0.02366165 144 86 279 169
person 0.023745019 164 74 242 132
diningtable 0.009482745 279 67 439 110
diningtable 0.015615265 209 92 452 167
chair 0.005432916 346 102 438 150
chair 0.009099036 204 61 269 111
chair 0.014941114 316 130 437 181
chair 0.020645931 175 75 264 129
chair 0.22184289 291 58 430 136
chair 0.3968867 293 93 451 175
chair 0.824101 144 86 279 169
