person 0.006391233 188 171 228 197
person 0.0070809005 337 166 358 204
person 0.008124488 313 183 350 216
person 0.01761103 320 178 342 210
person 0.019117733 110 173 130 210
person 0.020520702 293 182 315 215
person 0.023605345 207 161 226 188
person 0.027755726 242 175 265 208
person 0.029191798 236 168 274 199
person 0.038436737 204 157 275 207
person 0.04467144 109 183 179 257
person 0.055162482 283 180 304 209
person 0.05610978 311 179 333 210
person 0.059509516 206 170 228 213
person 0.06601164 147 171 172 212
person 0.06983314 214 164 236 204
person 0.07469156 259 174 285 209
person 0.29459035 302 178 321 211
person 0.3437639 332 176 354 212
person 0.5957123 144 176 178 252
boat 0.0075649954 188 171 228 197
boat 0.00803362 257 171 290 201
boat 0.008653045 245 6 408 210
boat 0.016849395 233 160 274 189
boat 0.022468667 342 141 357 186
boat 0.02468383 109 183 179 257
boat 0.03798115 204 157 275 207
boat 0.9587326 91 5 338 271
