person 0.0057663 59 170 106 343
person 0.0066624456 1 130 16 375
person 0.0073943743 480 134 498 262
person 0.011806201 431 159 473 235
person 0.024778396 425 153 493 279
person 0.074055545 59 174 88 260
person 0.1546871 205 128 389 374
person 0.73798203 435 142 499 375
person 0.8395338 0 136 58 370
person 0.9583784 85 87 204 373
person 0.99710625 282 47 441 375
person 0.9971219 116 95 294 375
bottle 0.028190339 337 221 369 301
bottle 0.065439925 322 214 378 338
bottle 0.9742837 329 241 361 319
bottle 0.9910945 172 254 198 346
