tvmonitor 0.007910631 77 139 236 227
sofa 0.007012106 3 121 207 484
pottedplant 0.005195978 154 77 188 139
pottedplant 0.13149415 161 76 227 140
person 0.00776829 77 139 236 227
person 0.017674845 235 135 364 374
person 0.06746882 313 144 336 192
person 0.09511977 129 127 222 278
person 0.1872051 260 127 329 193
person 0.7994305 102 121 218 469
person 0.9937121 0 127 169 498
person 0.9997313 187 159 367 500
chair 0.0063175634 0 102 224 500
chair 0.27366078 208 199 372 500
bottle 0.018122047 156 93 172 143
bottle 0.07067236 159 86 181 135
bottle 0.15930294 223 327 296 390
