person 0.0051259743 149 186 169 229
person 0.006581534 177 184 196 218
person 0.008369227 132 178 165 204
person 0.010392134 278 181 396 257
person 0.013038277 142 179 155 201
person 0.016792377 146 185 184 250
person 0.027819848 140 179 158 218
person 0.032647733 83 189 102 232
person 0.044632968 131 176 145 202
person 0.056472566 50 179 71 223
person 0.07595517 112 179 144 246
person 0.3477704 149 176 169 206
person 0.3835593 126 176 147 221
person 0.61911166 40 179 71 249
person 0.9842664 317 163 348 239
horse 0.0077372375 132 178 196 281
horse 0.009459593 111 190 178 246
horse 0.015778054 89 197 118 262
horse 0.029594487 73 208 92 249
horse 0.038225334 109 202 130 255
horse 0.22942287 73 199 106 260
horse 0.2334897 123 197 159 261
horse 0.3731498 111 195 144 264
horse 0.71916205 146 195 187 261
horse 0.7238613 40 195 72 265
horse 0.99368817 275 181 401 281
cow 0.006015825 156 192 195 263
cow 0.006166288 120 201 139 257
cow 0.01625179 40 195 72 265
cow 0.09079337 109 202 130 255
cow 0.16350101 74 208 107 249
