pottedplant 0.005942903 250 154 275 180
pottedplant 0.008111961 188 217 212 248
pottedplant 0.010437462 184 215 213 289
pottedplant 0.01394897 148 237 183 302
pottedplant 0.03203173 259 245 270 261
pottedplant 0.05014184 187 255 210 288
person 0.0063870717 306 255 368 303
person 0.0065100663 345 256 374 285
person 0.0067738104 336 260 371 313
person 0.009079836 252 153 277 181
person 0.014163413 185 217 214 247
person 0.07629558 296 118 315 149
person 0.14454246 307 258 341 285
dog 0.005171705 324 272 360 304
dog 0.0053685685 0 275 25 350
dog 0.0067005106 191 255 204 269
dog 0.012929687 155 243 180 277
dog 0.019041115 259 245 270 261
dog 0.022606412 184 215 213 289
dog 0.026898127 146 237 176 267
dog 0.042843997 336 260 371 313
dog 0.057935152 250 154 275 180
dog 0.09741293 349 256 372 286
dog 0.113345124 148 237 183 302
dog 0.13435988 296 118 315 149
dog 0.17464721 306 255 368 303
dog 0.24382243 307 258 341 285
dog 0.2522244 188 217 212 248
dog 0.31626853 182 254 211 287
cow 0.005008599 182 254 211 287
cat 0.009662074 155 243 180 277
cat 0.013767731 146 237 176 267
cat 0.025455989 296 118 315 149
cat 0.03275441 336 260 371 313
cat 0.037372798 349 256 372 286
cat 0.04967742 184 215 213 289
cat 0.054815244 250 154 275 180
cat 0.06460985 306 255 368 303
cat 0.15353453 307 258 341 285
cat 0.19741893 187 255 210 288
cat 0.2018796 188 217 212 248
cat 0.28114367 148 237 183 302
bottle 0.007880528 99 62 145 90
bottle 0.012250018 259 245 270 261
bottle 0.014169363 340 181 358 220
bird 0.008863768 147 237 170 268
bird 0.009212348 311 260 368 311
bird 0.010395897 191 255 204 269
bird 0.0144136585 331 277 368 312
bird 0.01745538 259 245 270 261
bird 0.02447575 0 307 25 343
bird 0.02677898 149 241 183 278
bird 0.030528458 331 259 371 296
bird 0.044971183 187 255 210 288
bird 0.059333783 340 181 358 220
bird 0.1064267 185 217 214 247
bird 0.12684768 349 256 372 286
bird 0.1912197 251 155 275 184
bird 0.27361253 296 118 315 149
bird 0.3870061 307 258 341 285
