sheep 0.0079245055 54 169 90 206
sheep 0.009802273 70 171 91 196
sheep 0.013467632 16 177 53 213
sheep 0.018908173 218 163 228 177
sheep 0.17685242 154 175 188 196
sheep 0.30665967 205 178 221 210
horse 0.006185529 218 163 228 177
horse 0.013489083 330 183 389 234
horse 0.04024147 158 175 190 198
horse 0.20589839 54 168 90 196
horse 0.23860773 405 188 471 232
dog 0.005197026 410 187 476 234
dog 0.013649006 158 175 190 198
dog 0.015923683 205 178 221 210
cow 0.0077787526 398 189 442 220
cow 0.015170156 16 177 53 213
cow 0.016954489 12 171 83 217
cow 0.02051913 218 163 228 177
cow 0.02165933 72 169 93 196
cow 0.09324152 205 178 221 210
cow 0.7064431 158 175 190 198
cow 0.72546923 405 188 471 232
cow 0.9179238 54 168 90 196
cow 0.9506036 330 183 389 234
