person 0.0061949943 292 271 309 302
person 0.0071597425 218 157 256 242
person 0.01236282 1 146 7 240
person 0.019718878 85 185 157 246
person 0.024391713 151 186 275 278
person 0.028792443 83 170 138 224
person 0.25805223 242 199 282 279
person 0.776674 100 163 139 263
person 0.84288263 273 195 348 316
person 0.9970906 197 156 255 280
motorbike 0.0055165933 141 211 220 286
motorbike 0.006530168 200 196 278 308
motorbike 0.0077458685 156 214 340 291
motorbike 0.11729113 75 213 149 283
motorbike 0.2431124 151 186 275 278
motorbike 0.35042983 74 193 203 274
horse 0.0066567585 156 214 340 291
horse 0.012427647 151 186 275 278
car 0.01016514 160 168 212 197
car 0.012977323 83 170 138 224
car 0.018899152 1 158 8 246
car 0.026400194 74 193 203 274
car 0.052325055 139 167 180 196
car 0.058707662 151 186 275 278
car 0.47251418 142 166 211 219
car 0.97819465 0 164 82 230
