person 0.0054979026 392 133 469 188
person 0.0057185777 332 135 354 170
person 0.008423066 466 152 484 191
person 0.013021942 453 136 485 192
person 0.015941883 459 152 476 192
person 0.044123642 294 126 315 159
person 0.046093162 101 98 122 130
person 0.1343718 82 97 118 131
person 0.20916742 446 139 463 189
motorbike 0.0064019198 476 166 498 199
motorbike 0.009176696 322 134 360 170
car 0.0060778665 392 133 469 188
car 0.011796297 307 131 339 162
car 0.017285885 225 121 249 146
car 0.06717401 272 115 360 164
car 0.15235962 322 134 360 170
car 0.28560174 276 126 313 157
car 0.6603663 222 123 286 151
bus 0.0050801844 251 103 351 146
bus 0.014963614 272 115 360 164
boat 0.010632374 392 133 469 188
aeroplane 0.013116055 392 133 469 188
aeroplane 0.02189941 272 115 360 164
