person 0.0057868287 318 6 477 333
person 0.006059568 29 101 146 248
person 0.0064378865 148 184 214 243
person 0.009232707 105 170 141 249
person 0.13950197 71 137 141 259
person 0.4090195 259 65 324 176
person 0.731691 454 53 499 299
person 0.7798938 179 81 299 244
person 0.8995442 0 51 130 300
person 0.99635667 221 30 437 327
chair 0.0066317124 449 142 499 323
bottle 0.0065759188 133 180 159 243
bottle 0.009792562 166 198 184 246
bottle 0.010254013 161 185 202 244
bottle 0.016710436 147 186 178 241
