sheep 0.0055083833 111 228 186 291
sheep 0.041615795 0 281 45 375
person 0.02484909 205 161 241 228
person 0.026228745 122 188 157 240
person 0.028523788 249 168 281 232
person 0.03587895 1 213 49 370
person 0.07402183 214 164 253 197
person 0.0824097 75 179 93 223
person 0.09183277 1 202 22 347
person 0.1031125 1 170 24 262
person 0.10985191 1 166 10 237
person 0.1475622 258 177 276 224
person 0.18348001 129 191 149 230
person 0.19114695 119 192 141 229
person 0.38827658 96 181 113 227
person 0.59295076 361 175 376 215
person 0.59388316 91 182 118 256
person 0.8141679 172 166 216 268
person 0.89032054 11 164 85 374
person 0.9629653 203 172 280 343
person 0.97304547 426 194 489 290
person 0.9987203 320 171 359 287
motorbike 0.0075219464 1 170 24 262
horse 0.00530677 168 229 209 309
horse 0.0061476785 144 236 225 301
horse 0.0065848273 74 222 135 280
horse 0.009047024 184 199 264 339
horse 0.015989436 377 238 420 285
horse 0.01745242 114 210 230 313
horse 0.07155105 0 281 45 375
horse 0.08132308 89 193 118 270
horse 0.14654344 171 188 223 319
horse 0.906847 111 228 186 291
dog 0.009149081 165 237 232 309
dog 0.014027517 111 228 186 291
dog 0.018113635 2 230 26 355
dog 0.16699083 0 281 45 375
dog 0.7391089 377 238 420 285
cow 0.007227207 111 228 186 291
cow 0.012805978 377 238 420 285
cow 0.019915326 0 277 34 375
chair 0.007175847 86 216 120 282
cat 0.008403903 378 236 417 282
car 0.007428409 3 176 21 227
car 0.013490178 1 174 11 248
car 0.014775806 1 170 24 262
