sofa 0.22906882 29 216 196 375
sofa 0.8065228 343 219 500 375
pottedplant 0.0052098283 372 56 409 96
pottedplant 0.012685472 167 194 187 250
pottedplant 0.030187761 413 29 428 88
pottedplant 0.05117975 151 205 189 265
pottedplant 0.051375635 394 30 424 89
pottedplant 0.37226677 377 28 417 89
pottedplant 0.98423946 425 25 464 92
person 0.0052874554 377 28 417 89
chair 0.036122918 240 279 349 373
chair 0.06936894 151 205 189 265
chair 0.5226791 348 228 500 375
chair 0.98370045 43 231 202 375
bottle 0.008202545 413 29 428 88
bottle 0.024128728 344 56 364 94
