person 0.0051947017 294 160 328 216
person 0.013263455 265 161 329 288
person 0.06125649 285 179 328 263
person 0.22913541 91 150 245 272
person 0.32082608 99 123 172 248
person 0.32564706 87 177 254 378
person 0.40531424 0 159 53 290
motorbike 0.0156031 270 186 330 301
chair 0.030751158 262 199 330 315
bicycle 0.0059286947 104 224 238 359
bicycle 0.009433829 285 179 328 263
bicycle 0.015541776 73 202 162 274
bicycle 0.037933674 0 188 42 288
bicycle 0.4302102 69 157 188 266
bicycle 0.4491725 129 149 253 279
bicycle 0.76551855 0 177 74 304
bicycle 0.93138 82 133 255 366
bicycle 0.93304974 262 199 330 315
