pottedplant 0.008172104 0 173 12 231
person 0.0056057237 56 162 86 201
person 0.0059479983 240 122 257 166
person 0.007267542 101 148 118 195
person 0.00829754 282 143 304 186
person 0.009947507 288 150 311 195
person 0.0112672 276 152 311 235
person 0.016985735 82 152 102 193
person 0.02133885 11 171 47 233
person 0.023566047 71 159 108 239
person 0.038151246 49 164 90 232
person 0.03839676 53 156 73 190
person 0.06699578 85 149 118 207
person 0.078174934 24 167 66 235
person 0.49468243 266 143 299 206
person 0.9428903 84 151 123 274
person 0.99817926 113 143 172 289
motorbike 0.010467518 87 185 127 277
motorbike 0.011322854 113 161 174 295
motorbike 0.026652917 239 184 316 245
motorbike 0.027722184 186 162 301 232
motorbike 0.02869683 160 193 209 274
motorbike 0.041170605 49 164 90 232
motorbike 0.045692205 13 179 48 240
motorbike 0.045764506 76 177 191 268
motorbike 0.04612376 201 183 278 248
motorbike 0.10124262 50 179 126 246
motorbike 0.4513994 161 178 277 276
motorbike 0.5042743 16 181 85 239
motorbike 0.9927839 241 179 418 297
car 0.026020678 76 177 191 268
car 0.03347486 50 179 126 246
car 0.0909438 14 169 82 234
car 0.59554386 183 163 267 202
bicycle 0.00578377 16 181 85 239
bicycle 0.006839016 50 179 126 246
