sheep 0.010704808 127 4 497 332
pottedplant 0.017378872 127 4 497 332
person 0.0061075357 0 0 11 38
person 0.008269589 2 0 9 21
person 0.010550431 0 3 8 29
person 0.010568761 67 1 78 17
person 0.01359502 8 1 20 17
person 0.013833431 121 7 141 40
person 0.0148761235 491 0 499 60
person 0.015680505 27 3 39 14
person 0.01697542 149 3 164 37
person 0.01974109 37 3 49 13
person 0.025678342 18 1 30 16
person 0.03177143 48 2 58 14
person 0.05660963 111 5 126 41
person 0.072958186 55 0 67 15
person 0.10106929 99 1 120 44
person 0.27456552 140 5 158 41
person 0.28697103 96 0 111 41
person 0.66647094 131 6 148 41
person 0.8548382 43 18 476 332
person 0.8867869 250 4 264 43
motorbike 0.015258533 250 4 264 43
motorbike 0.053071175 70 0 496 323
horse 0.008129936 70 0 496 323
car 0.008352878 0 3 8 29
car 0.028910652 0 0 9 57
car 0.91711074 315 19 437 68
car 0.9804735 0 11 93 54
boat 0.034647934 38 44 476 330
bird 0.03713062 43 18 476 332
