person 0.007480647 261 190 334 316
person 0.007566849 1 245 30 331
person 0.009336469 417 201 450 264
person 0.010048118 400 218 420 258
person 0.010400696 0 159 141 334
person 0.012418597 419 212 435 249
person 0.012885621 408 219 426 255
person 0.013584889 394 203 430 260
person 0.016824448 6 231 41 265
person 0.019452617 0 284 99 332
person 0.01956004 379 211 451 328
person 0.027098902 300 202 336 266
person 0.04646494 0 235 46 309
person 0.04725348 361 201 428 264
person 0.07205629 304 202 338 235
person 0.3572185 0 221 109 327
person 0.8513181 197 140 324 275
person 0.92693806 209 243 282 334
person 0.9743209 33 174 236 334
person 0.99777895 281 205 434 330
bottle 0.005360382 14 189 30 230
