person 0.019172514 170 298 286 486
car 0.0057248934 129 208 142 226
car 0.0071803895 101 212 112 226
car 0.008770594 137 213 152 233
car 0.0088055935 127 201 145 231
car 0.028500397 112 203 130 231
car 0.046569057 79 214 96 230
car 0.34592974 107 211 126 228
car 0.39685646 133 203 154 232
car 0.77368736 79 208 108 229
bus 0.0077301753 107 207 127 230
bus 0.010455855 78 209 101 228
bus 0.013022582 133 203 154 232
boat 0.007979683 81 347 170 473
bicycle 0.013975374 89 325 179 471
bicycle 0.21504809 154 304 279 443
bicycle 0.93874305 85 276 281 479
