person 0.0057194503 106 97 174 174
person 0.0079299295 482 129 498 302
person 0.014879053 332 88 376 184
person 0.017640002 371 108 452 283
person 0.028989626 67 108 147 291
person 0.036964487 131 85 196 227
person 0.047645204 129 84 167 159
person 0.5721546 142 82 180 164
person 0.6103997 93 95 160 218
person 0.7017332 355 82 430 238
person 0.7623131 297 84 381 235
person 0.9093261 79 48 139 148
person 0.9642752 374 124 498 341
person 0.9762739 216 47 281 152
person 0.9833407 5 115 132 335
diningtable 0.9723069 18 178 485 375
chair 0.0067298305 0 187 16 359
chair 0.008058633 370 169 500 341
chair 0.009258214 3 279 28 375
chair 0.010069556 0 130 131 373
chair 0.010133761 472 279 498 375
chair 0.02660064 2 244 114 375
chair 0.035785098 297 84 381 235
chair 0.04413659 217 53 280 138
chair 0.052995518 303 105 341 165
chair 0.6473042 450 252 500 371
chair 0.78935695 3 261 59 372
bottle 0.0051737274 124 117 135 133
bottle 0.005246023 158 312 199 373
bottle 0.005702288 218 141 231 205
bottle 0.00607503 222 187 244 276
bottle 0.0062620305 341 136 359 175
bottle 0.008046624 221 134 249 218
bottle 0.009060642 113 304 142 369
bottle 0.014667665 200 145 216 202
bottle 0.015581313 301 300 343 333
bottle 0.022485353 207 144 224 204
bottle 0.024782639 205 147 227 253
bottle 0.034918394 197 150 218 246
bottle 0.12783605 149 303 184 370
bottle 0.47512075 211 182 233 281
