person 0.045730084 389 0 500 333
person 0.4943161 390 0 500 127
diningtable 0.012429614 23 242 481 333
chair 0.010878431 3 177 57 319
chair 0.016957147 0 278 67 333
bottle 0.55212766 292 95 326 211
bottle 0.5629281 72 91 96 188
bottle 0.5677545 110 99 141 212
bottle 0.6391 253 81 289 198
bottle 0.6870025 44 103 65 199
bottle 0.7386766 214 2 243 111
bottle 0.7719419 56 93 76 188
bottle 0.8133562 187 102 222 198
bottle 0.8180887 110 7 135 114
bottle 0.8259781 220 93 252 209
bottle 0.83806175 108 151 142 273
bottle 0.8743787 64 135 111 286
bottle 0.8858021 293 0 340 178
bottle 0.8971903 186 209 222 287
bottle 0.8998055 150 3 174 116
bottle 0.908174 25 17 61 103
bottle 0.9472786 337 0 382 137
bottle 0.96450204 285 158 332 312
bottle 0.9720867 179 2 211 114
bottle 0.9801883 145 145 193 284
