sofa 0.012090058 2 204 58 303
diningtable 0.037586596 2 204 58 303
diningtable 0.05785698 130 243 191 314
diningtable 0.13138087 108 224 200 299
diningtable 0.20522273 217 272 352 319
diningtable 0.48680153 152 250 261 317
chair 0.0065903906 306 256 339 282
chair 0.007475437 118 232 157 297
chair 0.007597513 233 236 262 265
chair 0.008603279 130 246 241 314
chair 0.010551701 150 231 191 304
chair 0.012952095 44 215 63 258
chair 0.020453207 217 272 352 319
chair 0.02745791 178 223 203 250
chair 0.17591204 24 214 62 287
chair 0.47389257 185 270 258 319
chair 0.81837946 2 220 57 316
chair 0.9039252 142 256 198 318
chair 0.9259302 87 240 132 317
bottle 0.005216367 140 218 147 236
