pottedplant 0.008784432 384 1 418 37
pottedplant 0.024218567 389 7 443 63
person 0.012820185 473 55 497 160
person 0.01417281 53 11 123 166
person 0.01552145 61 13 109 88
person 0.018420843 485 65 499 304
person 0.022236645 405 16 428 59
person 0.02642177 384 1 418 37
person 0.033216596 472 26 498 306
person 0.03694776 456 57 499 127
person 0.04497293 398 20 455 73
person 0.06776306 425 28 448 61
person 0.110157445 397 29 423 64
person 0.13635916 446 56 500 311
person 0.23085909 391 5 430 61
person 0.4315259 337 31 469 134
person 0.6927543 66 9 181 146
person 0.96686035 7 65 87 263
person 0.9766009 328 55 500 307
person 0.9819335 7 159 168 313
person 0.9841774 225 13 294 98
person 0.9883408 328 19 399 118
diningtable 0.9674255 114 86 394 300
chair 0.01658424 445 96 500 306
chair 0.032262996 473 55 497 160
chair 0.036568016 226 24 294 100
chair 0.14901681 456 57 499 127
bottle 0.009486962 319 15 328 35
