person 0.0063837687 301 13 375 152
person 0.006681401 472 0 500 375
person 0.062454928 445 0 500 169
person 0.06431658 301 35 440 165
person 0.14666604 364 0 453 149
person 0.7230041 397 0 500 375
person 0.8241343 251 1 390 226
motorbike 0.0070506553 341 10 460 147
bottle 0.0072351787 211 177 272 225
bicycle 0.0076112924 445 0 500 169
bicycle 0.012885108 423 27 482 95
bicycle 0.01899578 397 0 500 375
bicycle 0.04570038 417 12 487 147
bicycle 0.15810288 278 9 451 200
bicycle 0.65580636 341 10 460 147
bicycle 0.9999579 34 56 439 319
