boat 0.005102427 126 137 154 219
boat 0.005210756 491 180 499 244
boat 0.0052326643 438 205 460 213
boat 0.0062513053 0 167 8 218
boat 0.006696767 26 171 39 211
boat 0.008289162 425 185 446 218
boat 0.009559652 130 167 147 221
boat 0.010146507 208 179 279 217
boat 0.014055812 122 189 156 217
boat 0.014869962 418 201 456 215
boat 0.017143773 162 192 198 213
boat 0.024810035 391 145 420 218
boat 0.02920127 196 201 233 215
boat 0.06737626 446 204 468 215
boat 0.1000857 243 181 265 219
boat 0.19289291 423 169 436 219
boat 0.1990635 278 200 326 215
boat 0.97917753 380 145 411 222
boat 0.9939211 41 133 86 215
