tvmonitor 0.017327996 71 373 169 497
tvmonitor 0.11276085 297 315 370 477
tvmonitor 0.39152288 238 293 308 357
pottedplant 0.010083423 120 260 156 346
pottedplant 0.012744486 128 330 161 367
pottedplant 0.013767953 112 313 132 352
pottedplant 0.035702102 109 277 171 386
pottedplant 0.4251708 122 296 162 372
person 0.011577721 191 314 279 471
person 0.01531555 82 282 120 384
person 0.27478394 54 268 117 376
person 0.3880341 159 294 240 466
dog 0.031549692 159 294 240 466
chair 0.009328068 59 399 175 494
chair 0.011109606 159 302 243 474
chair 0.030002328 165 392 294 489
chair 0.07268441 297 315 370 477
