tvmonitor 0.48806396 205 10 272 76
pottedplant 0.005925401 124 0 195 53
person 0.0057159862 433 157 471 231
person 0.008759893 483 143 499 291
person 0.016646476 173 164 400 374
person 0.08976133 425 152 480 316
person 0.10427551 7 0 100 375
person 0.21673813 310 143 396 330
person 0.7486246 106 141 181 222
person 0.8385519 363 126 427 343
person 0.84730256 129 246 285 375
diningtable 0.03484588 104 246 270 371
diningtable 0.20821288 113 210 378 375
chair 0.0059534214 339 285 456 373
chair 0.02621457 375 242 442 375
chair 0.030723538 424 166 484 340
chair 0.4216386 366 145 426 360
bottle 0.008937117 433 157 471 231
bottle 0.015273366 160 59 177 92
bottle 0.036342137 438 169 455 217
