person 0.0854389 192 86 207 100
person 0.09274811 242 79 270 152
person 0.09673015 345 71 365 101
person 0.09978867 364 67 382 87
person 0.10694113 12 92 35 175
person 0.12694375 218 78 237 112
person 0.21467239 486 51 500 86
person 0.21874808 0 84 7 184
person 0.2551726 430 63 449 86
person 0.30090347 456 63 477 87
person 0.30990684 206 81 225 108
person 0.3393447 122 82 154 108
person 0.37947643 362 67 385 103
person 0.3927323 224 76 245 115
person 0.3957806 3 95 25 174
person 0.4166349 243 80 266 114
person 0.45129052 86 83 118 116
person 0.5430006 170 82 190 107
person 0.65482897 30 80 56 172
person 0.9106583 271 71 298 159
car 0.005209395 444 61 495 104
car 0.08446569 29 106 98 164
car 0.19697535 312 78 392 129
car 0.9992835 314 79 500 186
car 0.9999714 67 97 282 211
