sofa 0.012042927 126 165 208 221
sofa 0.012882712 159 155 201 187
sofa 0.012969612 243 141 289 181
sofa 0.0353095 89 168 162 225
person 0.0070541278 315 156 422 253
diningtable 0.0059901406 319 150 387 250
diningtable 0.0061438004 243 141 289 181
diningtable 0.0069522928 159 155 201 187
diningtable 0.010203618 126 165 208 221
diningtable 0.012611806 194 172 287 218
chair 0.0060283495 288 146 348 199
chair 0.00621675 120 166 161 196
chair 0.006652281 347 176 458 320
chair 0.0067968466 123 184 210 229
chair 0.007885577 242 157 289 223
chair 0.008887531 156 155 240 194
chair 0.01050195 276 164 353 231
chair 0.02390408 235 176 341 298
chair 0.056419734 315 169 362 248
chair 0.17567712 89 168 162 225
chair 0.20655999 94 213 183 326
chair 0.2568051 150 166 208 220
chair 0.2715658 320 157 388 259
chair 0.29923135 151 217 331 320
chair 0.34489638 258 181 340 248
chair 0.43205836 159 155 201 187
chair 0.52266467 243 141 289 181
