person 0.005775978 89 44 113 111
person 0.0067313537 2 40 22 75
person 0.008757557 255 30 276 68
person 0.012873728 214 34 253 66
person 0.013315631 269 32 301 92
person 0.014073785 64 43 78 108
person 0.019451728 263 30 284 68
person 0.026666662 98 38 115 78
person 0.027580058 93 49 112 87
person 0.034309715 0 34 11 81
person 0.06570053 76 44 90 91
person 0.07460376 83 46 99 88
person 0.07639732 46 51 60 100
person 0.08790165 27 49 43 90
person 0.11092232 38 46 64 116
person 0.14451072 35 46 51 92
person 0.5324871 54 44 76 118
person 0.9749865 273 33 318 123
car 0.005703092 146 36 210 58
car 0.01167133 204 41 251 70
car 0.039289165 262 42 331 114
car 0.19382817 135 40 225 77
car 0.8648493 302 0 497 241
car 0.981011 0 63 52 173
car 0.9997309 58 50 409 323
