tvmonitor 0.012608003 201 0 306 48
sofa 0.05992507 201 0 306 48
pottedplant 0.0051958617 134 0 175 26
pottedplant 0.0054033133 189 0 335 54
pottedplant 0.0075391196 117 46 241 149
pottedplant 0.0271184 182 24 205 66
pottedplant 0.07335522 129 0 194 56
pottedplant 0.10814682 177 3 212 62
pottedplant 0.52697647 63 5 139 101
person 0.0050943894 0 10 48 163
person 0.00726629 256 1 331 49
person 0.008164702 0 112 375 469
person 0.02020305 289 3 326 55
person 0.02034179 0 8 95 497
person 0.95983994 135 153 250 437
diningtable 0.0063836556 117 46 241 149
diningtable 0.05237139 13 62 359 448
chair 0.00603581 134 38 220 166
chair 0.009168891 117 122 261 397
chair 0.014788495 13 62 359 448
chair 0.173421 216 52 330 191
bottle 0.010163096 172 392 197 426
bottle 0.022041101 190 400 230 436
bottle 0.06668892 165 388 230 435
boat 0.007920092 13 62 359 448
