tvmonitor 0.005393637 2 45 49 75
sofa 0.016233768 105 11 195 84
person 0.005330071 0 32 67 163
person 0.01049704 1 50 49 81
person 0.020871192 105 11 195 84
diningtable 0.9999201 0 70 500 375
chair 0.0056958464 4 141 111 375
chair 0.005747285 427 66 500 131
chair 0.006570033 1 70 12 363
chair 0.006692925 0 50 14 229
chair 0.007959827 1 52 26 375
chair 0.01145675 3 36 59 91
chair 0.038920693 0 162 58 375
chair 0.10142084 0 32 67 163
chair 0.11457547 119 22 193 89
chair 0.521951 210 13 281 108
chair 0.68426657 406 59 500 180
chair 0.73313814 264 29 344 126
car 0.007533812 2 46 62 117
car 0.011269145 1 50 49 81
