sofa 0.018739447 251 125 417 373
person 0.0050421595 0 130 15 343
person 0.009192504 0 14 28 339
person 0.040913522 4 17 84 152
person 0.042669177 474 131 499 226
person 0.04560479 1 4 105 360
person 0.13062887 127 35 168 117
person 0.22199667 404 99 466 223
person 0.72099525 198 84 290 375
person 0.99503636 109 46 217 375
person 0.99903905 263 64 407 375
motorbike 0.0087613175 403 110 465 239
horse 0.014923663 105 39 223 362
horse 0.060062673 127 35 168 117
chair 0.0053178724 457 135 494 219
chair 0.011462245 435 134 475 217
chair 0.05282127 251 125 417 373
chair 0.18418147 403 110 465 239
car 0.005312485 266 54 441 346
car 0.005795881 86 34 213 362
car 0.042926136 411 99 487 221
