sofa 0.0051006367 236 9 304 87
person 0.00605207 115 1 208 11
person 0.0062033925 221 5 236 20
person 0.0073172054 208 1 250 22
person 0.009276778 271 6 305 95
person 0.010133699 106 78 247 176
person 0.035515677 0 286 109 438
person 0.043285355 5 125 166 370
person 0.044444647 230 0 270 26
person 0.113185324 237 0 275 61
person 0.13175455 0 187 104 309
person 0.4289655 0 241 181 489
person 0.5141058 239 2 304 104
person 0.92346334 139 23 268 174
person 0.9789026 105 155 322 322
person 0.9863762 29 86 163 243
motorbike 0.0052508125 63 2 251 21
chair 0.008018313 251 49 297 116
chair 0.01241191 271 6 305 95
chair 0.020788522 237 4 278 87
chair 0.48291826 242 6 303 118
car 0.0056444523 100 1 128 8
car 0.008601453 84 0 182 9
car 0.0133263515 25 0 104 7
car 0.020905824 63 2 251 21
car 0.02849368 0 1 60 13
car 0.10016496 0 0 53 26
bottle 0.007008704 221 5 236 20
