pottedplant 0.007679868 0 13 9 76
person 0.005171798 419 21 436 67
person 0.0056235977 1 14 8 39
person 0.0075657973 323 49 342 97
person 0.0090366835 422 18 434 34
person 0.012753454 375 29 412 91
person 0.01965071 168 21 206 94
person 0.02450056 25 22 71 100
person 0.028547676 323 42 357 101
person 0.045529913 213 45 342 276
person 0.046834383 81 27 130 98
person 0.04952807 336 30 375 99
person 0.052906588 79 149 277 270
person 0.08113656 412 22 454 96
person 0.083584346 355 27 391 96
person 0.13713379 2 20 46 103
person 0.19908886 136 22 181 99
person 0.31798974 433 17 475 99
person 0.9966826 109 36 325 291
motorbike 0.011715735 56 192 230 281
motorbike 0.023823226 476 20 498 98
motorbike 0.02620696 168 21 206 94
motorbike 0.027357033 2 33 27 113
motorbike 0.028085161 280 42 345 103
motorbike 0.04167298 431 39 476 102
motorbike 0.04190782 409 40 455 103
motorbike 0.043114427 451 39 490 103
motorbike 0.047570225 177 34 264 89
motorbike 0.10546399 375 29 412 91
motorbike 0.13348806 323 42 357 101
motorbike 0.15485792 382 30 448 96
motorbike 0.30821145 355 27 391 96
motorbike 0.32863674 124 24 196 101
motorbike 0.34110856 68 27 144 102
motorbike 0.47473907 334 42 374 100
motorbike 0.55100894 6 24 89 103
motorbike 0.6468481 2 20 46 103
motorbike 0.73144776 413 25 487 95
motorbike 0.9898852 82 118 346 290
car 0.0053854636 259 35 340 94
car 0.0069615985 481 0 495 15
car 0.007067723 491 25 499 102
car 0.012390934 433 16 497 75
car 0.015204607 325 31 388 99
car 0.024016673 476 20 498 98
car 0.120391384 413 25 487 95
