tvmonitor 0.0073419046 317 177 465 315
tvmonitor 0.4453669 474 190 500 313
pottedplant 0.007499758 251 201 272 223
pottedplant 0.022379871 165 210 235 253
pottedplant 0.027569966 187 223 225 254
pottedplant 0.034933772 32 162 68 232
pottedplant 0.23880161 29 143 183 249
diningtable 0.00606501 11 249 325 328
chair 0.0078517385 220 225 234 253
chair 0.00819668 474 190 500 313
chair 0.0753642 187 223 225 254
chair 0.42063063 299 179 453 319
bottle 0.00543356 274 230 287 251
bottle 0.0055794735 242 225 251 251
bottle 0.005719668 256 209 269 226
bottle 0.00848935 230 227 238 254
bottle 0.012774028 227 210 244 254
bottle 0.014005759 242 208 271 257
bottle 0.014024718 251 201 272 223
bottle 0.01431339 208 208 235 255
bottle 0.04004824 222 228 230 253
bottle 0.055821124 270 225 291 256
bottle 0.06923742 240 212 256 252
boat 0.009500359 11 249 325 328
