tvmonitor 0.005677774 444 99 498 327
pottedplant 0.005291706 283 118 301 169
pottedplant 0.0071687787 162 80 241 195
pottedplant 0.008556722 286 99 316 176
pottedplant 0.011457495 295 91 314 119
pottedplant 0.014118017 336 88 367 157
pottedplant 0.018136125 324 91 356 157
pottedplant 0.14330903 168 92 236 151
person 0.010250749 296 103 328 166
person 0.010592437 200 31 273 172
person 0.019324405 336 88 367 157
person 0.020296613 262 108 298 212
person 0.03349029 180 86 252 152
person 0.13914709 141 56 267 194
person 0.29971105 324 91 356 157
person 0.70142996 122 71 249 332
chair 0.0081015015 128 65 265 331
bird 0.0057716086 168 92 236 151
