tvmonitor 0.008650962 0 0 338 57
tvmonitor 0.1797679 267 53 326 113
person 0.0055711055 302 74 445 333
person 0.010874333 58 65 226 280
person 0.025727794 354 79 427 228
person 0.03401278 483 4 500 154
person 0.3549003 119 66 216 218
person 0.5423192 421 0 493 161
person 0.8904887 201 62 290 202
person 0.9249899 338 63 408 187
person 0.98669976 369 106 493 333
person 0.9987026 0 79 183 333
diningtable 0.52071285 136 172 414 329
bottle 0.0053011766 251 8 264 47
bottle 0.007552107 335 82 343 103
bottle 0.010319225 346 82 355 104
bottle 0.010382022 344 78 357 111
