sheep 0.026774144 3 171 67 222
person 0.0066442275 408 124 430 159
person 0.009837572 261 209 292 268
person 0.012196086 304 116 325 155
person 0.013753173 298 134 343 167
person 0.018186813 310 121 331 163
person 0.027162181 301 105 363 216
person 0.032903124 154 120 281 225
person 0.060324598 383 124 485 228
person 0.085656285 183 120 264 181
person 0.24678598 202 107 240 179
person 0.27696288 312 122 354 195
person 0.51248986 299 118 338 192
person 0.7008022 217 110 259 192
person 0.96776104 414 116 460 195
horse 0.005995293 5 173 82 224
horse 0.0064075524 434 162 500 268
horse 0.0085813 299 124 362 188
horse 0.032829385 393 138 475 206
horse 0.046457924 154 120 281 225
horse 0.96984863 370 138 497 271
horse 0.97734225 250 133 402 278
horse 0.9956545 137 124 365 278
cow 0.028322889 5 173 82 224
