pottedplant 0.005259581 211 149 260 175
pottedplant 0.005885598 151 74 166 115
pottedplant 0.023408262 266 185 302 221
pottedplant 0.032851372 162 154 256 209
pottedplant 0.14835294 188 206 255 269
pottedplant 0.27191347 172 149 274 247
pottedplant 0.5891827 252 192 314 242
person 0.0050950265 172 149 274 247
person 0.012614951 188 206 255 269
person 0.9999083 336 2 500 335
diningtable 0.12185861 24 248 391 335
chair 0.005527323 326 243 487 334
chair 0.021345222 9 235 174 335
bottle 0.009291162 151 74 166 115
bicycle 0.10986869 9 235 174 335
bicycle 0.28163618 24 248 391 335
