person 0.005726018 119 13 156 82
person 0.00575276 78 9 94 24
person 0.006180528 320 7 337 40
person 0.006354281 102 31 145 95
person 0.0064378083 70 2 104 27
person 0.0065722256 329 12 340 31
person 0.007594963 255 11 284 84
person 0.008690928 72 13 85 32
person 0.012519725 160 5 191 86
person 0.014989642 0 0 41 27
person 0.016830077 369 20 375 47
person 0.026547512 88 6 103 24
person 0.039143547 8 11 120 92
person 0.086295426 259 10 281 39
person 0.34265816 37 7 82 87
person 0.73185325 1 7 52 90
car 0.011021289 312 22 375 146
car 0.02182855 253 11 284 39
car 0.93588454 313 20 373 82
car 0.9999993 0 16 366 439
