train 0.0051303557 51 79 446 332
train 0.0055227196 146 94 332 334
pottedplant 0.006042821 24 161 41 203
pottedplant 0.010707041 72 152 104 211
person 0.0075986097 24 161 41 203
person 0.007625484 492 117 499 208
person 0.00812697 45 165 64 218
person 0.009548257 30 160 60 223
person 0.010067538 269 72 450 325
person 0.011027011 486 125 500 334
person 0.012493506 73 161 106 221
person 0.47451892 82 128 174 333
person 0.9674135 145 105 268 334
person 0.9969056 441 128 500 330
chair 0.0066142376 69 221 100 319
car 0.0055581345 1 166 26 199
