tvmonitor 0.008474855 0 198 113 330
tvmonitor 0.09385844 411 228 488 362
sofa 0.05310829 86 132 484 375
person 0.0056332657 0 82 9 149
person 0.0057685757 74 127 213 247
person 0.0058960845 1 92 43 157
person 0.0076596187 2 117 107 232
person 0.016399872 100 137 148 223
person 0.06350278 0 87 29 189
person 0.16223508 187 93 312 363
person 0.5877933 0 97 67 192
person 0.99539226 62 121 229 356
person 0.9978184 229 128 449 372
diningtable 0.071510464 0 198 113 330
chair 0.009804919 254 198 470 375
chair 0.012118915 187 93 312 363
chair 0.10862886 100 137 148 223
bottle 0.011428627 287 332 387 375
bottle 0.05925098 357 304 430 365
bottle 0.07459602 327 323 423 374
