sofa 0.015598614 378 142 490 248
sofa 0.021141814 342 199 500 373
sofa 0.04282163 293 144 439 234
sofa 0.79816014 298 151 500 315
pottedplant 0.11018488 419 80 455 137
person 0.005136135 320 165 490 279
diningtable 0.08575009 3 146 425 375
diningtable 0.11362465 84 147 265 249
diningtable 0.51879174 46 150 304 315
chair 0.0057795946 54 146 116 200
chair 0.006902447 286 170 381 220
chair 0.018361378 276 175 385 261
chair 0.02009634 59 143 104 171
chair 0.02567776 412 142 496 212
chair 0.045078784 91 155 164 353
chair 0.06906032 378 142 490 248
chair 0.07991347 62 153 205 287
chair 0.08774987 320 165 490 279
chair 0.18499953 293 144 439 234
chair 0.19181767 126 158 291 272
chair 0.2819865 11 163 173 375
chair 0.3749703 112 148 177 286
chair 0.7112197 300 205 494 366
chair 0.8927687 200 142 287 253
bicycle 0.0060079354 190 143 304 246
bicycle 0.007883958 272 149 394 235
