pottedplant 0.005638473 134 160 147 182
pottedplant 0.0063654743 139 154 155 172
pottedplant 0.0072863293 138 162 155 180
pottedplant 0.009367618 167 179 188 207
pottedplant 0.016804622 204 184 225 235
pottedplant 0.036933478 240 129 267 236
pottedplant 0.051951636 263 192 283 227
pottedplant 0.057130426 169 192 189 227
pottedplant 0.06293593 260 121 291 231
pottedplant 0.064391464 254 123 291 163
pottedplant 0.10544617 390 131 435 191
pottedplant 0.2657927 133 144 159 181
pottedplant 0.32533485 275 183 308 235
person 0.0156237595 390 131 435 191
person 0.036375616 234 121 280 241
person 0.95675904 234 137 259 233
