pottedplant 0.006700302 40 9 169 309
pottedplant 0.00819264 0 0 66 140
pottedplant 0.30243593 1 1 105 371
person 0.005041678 323 246 480 370
person 0.0051400606 208 68 230 104
person 0.005887689 445 129 500 305
person 0.008127032 464 83 494 197
person 0.010261661 482 220 500 369
person 0.010845538 477 158 500 206
person 0.011236277 472 81 500 315
person 0.013714056 489 148 499 216
person 0.015601825 98 28 251 356
person 0.016579648 483 154 499 314
person 0.021469543 1 1 105 371
person 0.101113014 469 16 499 223
person 0.13489972 479 116 500 240
person 0.66157866 245 69 349 305
person 0.66853267 156 70 280 322
person 0.71372193 143 28 222 212
person 0.94043297 261 234 397 375
person 0.9810582 97 227 305 372
person 0.9960763 45 20 170 370
person 0.99844897 332 105 480 369
diningtable 0.0074765263 446 168 500 343
bottle 0.0116456505 482 220 500 369
bottle 0.0199184 492 162 498 241
