train 0.005050303 314 177 490 375
sofa 0.03835076 314 177 490 375
person 0.008854853 239 158 253 192
motorbike 0.014822951 314 177 490 375
cow 0.011586841 307 160 494 375
cat 0.006818846 307 160 494 375
car 0.009727597 165 168 210 186
car 0.011617343 3 183 44 217
car 0.031164203 209 166 244 186
car 0.036347914 2 156 12 231
car 0.21328813 277 173 343 232
car 0.27397022 0 179 21 223
car 0.44629967 307 160 494 375
car 0.9614961 10 175 113 225
car 0.9644066 164 173 212 196
bus 0.009755658 307 160 494 375
boat 0.067502834 277 173 343 232
boat 0.096991956 307 160 494 375
aeroplane 0.15404879 314 177 490 375
