person 0.0051516364 0 141 27 375
person 0.0056369053 212 135 273 258
person 0.006829776 311 115 364 248
person 0.007597983 0 291 10 375
person 0.007994087 224 130 263 186
person 0.010243955 342 142 396 287
person 0.011061841 228 130 295 231
person 0.016033022 0 244 18 375
person 0.018795364 286 129 352 303
person 0.021668954 269 122 294 165
person 0.10693397 245 137 316 256
person 0.12823206 259 124 296 190
person 0.23774754 64 160 201 304
person 0.5823466 69 200 144 307
person 0.99510056 318 123 383 308
motorbike 0.007665004 209 146 275 283
motorbike 0.0077529973 146 136 270 247
motorbike 0.017138772 286 129 352 303
motorbike 0.021024715 264 178 377 318
motorbike 0.025486885 169 163 264 307
motorbike 0.025619809 66 183 186 314
motorbike 0.3116133 235 146 327 287
motorbike 0.85546714 318 141 384 320
motorbike 0.9278694 85 141 263 312
dog 0.014383961 1 277 19 375
