person 0.0054073716 364 121 456 256
person 0.0073009543 2 75 26 191
person 0.029159402 123 116 206 263
person 0.039962247 37 114 87 191
person 0.05596494 189 83 262 189
person 0.06034494 5 63 55 207
person 0.10199542 1 97 90 245
person 0.16889426 183 100 315 206
person 0.548373 40 132 230 262
person 0.7574275 284 106 451 241
motorbike 0.010907935 213 114 449 220
motorbike 0.05536672 27 124 175 260
motorbike 0.09769556 183 100 315 206
motorbike 0.9316852 65 142 277 268
motorbike 0.94158375 305 145 486 255
