tvmonitor 0.008067114 186 69 219 85
tvmonitor 0.0081557045 124 56 211 131
tvmonitor 0.008959433 129 72 156 98
tvmonitor 0.016219506 132 56 151 81
tvmonitor 0.020858407 17 16 50 78
tvmonitor 0.021166665 220 80 251 108
tvmonitor 0.027793352 0 68 34 125
tvmonitor 0.028844982 210 87 231 114
tvmonitor 0.032983456 366 61 399 121
tvmonitor 0.041636832 193 77 245 118
tvmonitor 0.17941467 86 69 121 98
tvmonitor 0.25458452 30 72 78 113
tvmonitor 0.60898745 254 60 286 85
tvmonitor 0.61160195 181 85 228 126
tvmonitor 0.8007383 68 108 123 165
tvmonitor 0.83914757 165 55 193 81
tvmonitor 0.850624 209 59 240 80
tvmonitor 0.8939565 131 95 186 138
tvmonitor 0.92715317 310 60 338 91
tvmonitor 0.9410696 367 65 396 94
sofa 0.014166003 254 95 311 135
sofa 0.022523692 339 102 389 151
sofa 0.023416243 353 104 400 186
sheep 0.0104323 86 69 121 98
person 0.005186258 305 92 336 141
person 0.006335183 378 118 400 199
diningtable 0.005559145 254 95 311 135
diningtable 0.0068683596 307 198 393 294
diningtable 0.0147351315 263 185 372 290
chair 0.0053929957 382 102 399 145
chair 0.007319614 392 98 398 161
chair 0.008212694 343 104 391 204
chair 0.008495846 2 202 44 300
chair 0.0089875 382 157 400 247
chair 0.010893374 196 110 283 201
chair 0.014217204 367 101 396 131
chair 0.018912798 358 122 400 219
chair 0.026353953 377 105 399 179
chair 0.048133545 157 248 289 300
chair 0.04923226 255 95 309 155
chair 0.07471728 379 137 400 211
chair 0.14910558 267 103 300 176
chair 0.29598382 255 180 340 288
chair 0.35261202 236 101 297 186
chair 0.44878334 336 99 366 151
chair 0.46097228 357 111 396 173
chair 0.75963277 309 97 340 148
chair 0.97167253 228 122 291 222
