person 0.01673457 469 73 500 136
person 0.020141467 380 138 490 237
person 0.020872753 160 183 247 245
person 0.02696427 478 99 498 251
person 0.027682027 334 170 468 269
person 0.13493463 158 148 253 278
person 0.13728033 333 142 454 229
person 0.16447176 452 84 497 154
person 0.16973457 330 163 415 219
person 0.23110376 468 85 499 194
person 0.24897955 447 91 498 224
person 0.29677933 99 157 243 303
person 0.43729296 444 97 472 135
person 0.46298108 435 131 499 341
person 0.6126566 114 130 181 188
person 0.6463973 183 143 256 219
person 0.7245947 67 147 206 357
person 0.8446015 8 161 125 374
person 0.92763495 320 145 395 208
person 0.96894157 317 174 488 372
diningtable 0.006142748 59 305 299 375
diningtable 0.007379974 149 154 266 279
diningtable 0.010983117 160 183 247 245
diningtable 0.059879806 186 205 390 314
diningtable 0.10087864 181 188 470 362
diningtable 0.9639676 53 207 376 375
chair 0.01159054 227 157 297 209
bottle 0.005236031 165 183 175 201
bottle 0.006036961 243 279 273 341
