sofa 0.005407307 390 104 486 193
sofa 0.01601104 450 98 498 148
person 0.0056299856 368 153 407 193
person 0.0077805337 0 158 12 351
person 0.008794685 56 34 126 171
person 0.009895388 56 136 112 259
person 0.017442951 157 76 330 306
person 0.02974131 238 104 319 251
person 0.080674894 183 58 206 113
person 0.15056358 56 151 89 241
person 0.45798838 255 38 310 99
person 0.89746183 415 123 480 194
person 0.89897853 360 148 418 209
person 0.97142357 331 226 449 375
person 0.98291826 2 64 68 249
person 0.9874133 73 58 140 225
person 0.99906206 128 158 293 372
motorbike 0.16462058 0 220 127 327
chair 0.006137371 41 103 85 132
chair 0.0066664605 323 37 343 78
chair 0.014700663 255 41 331 110
chair 0.019126842 454 95 500 151
chair 0.024249306 415 123 480 194
chair 0.06214376 316 43 350 118
chair 0.068485774 340 45 376 117
car 0.39826444 0 220 127 327
boat 0.010672037 0 220 127 327
