sofa 0.006608726 0 11 222 248
sofa 0.060191147 257 124 462 332
sofa 0.19492671 0 123 281 331
person 0.008880098 197 27 357 295
person 0.017063025 211 55 305 221
person 0.39694417 0 0 277 332
person 0.46697858 207 35 317 138
person 0.9286714 260 124 399 331
person 0.9761013 0 8 257 164
person 0.9820997 135 121 267 332
person 0.9899412 338 114 487 322
person 0.9930337 10 90 178 330
chair 0.010534265 102 119 262 332
chair 0.010770179 351 124 500 332
chair 0.014872756 0 0 277 332
chair 0.18881842 8 113 179 332
