sofa 0.106910065 229 227 351 335
pottedplant 0.04287761 112 181 166 221
diningtable 0.007293127 54 221 112 292
diningtable 0.010961659 102 205 134 282
diningtable 0.023340218 84 217 119 291
diningtable 0.026738562 103 216 167 292
diningtable 0.08053504 64 212 134 275
diningtable 0.21495283 74 209 197 299
chair 0.008222395 102 210 124 261
chair 0.008429931 74 209 197 299
chair 0.011280844 53 220 86 303
chair 0.105044656 229 227 351 335
chair 0.20154203 83 207 118 280
chair 0.37681216 141 206 173 280
chair 0.5048792 104 216 140 294
chair 0.91748965 64 217 103 296
chair 0.9656338 114 212 158 297
