pottedplant 0.011696227 334 121 372 152
pottedplant 0.016865814 392 158 402 225
person 0.008367964 400 46 433 72
person 0.011160629 442 45 455 73
person 0.012513202 338 117 371 200
person 0.014361009 322 51 356 116
person 0.02019731 356 47 385 116
person 0.03172779 469 48 480 71
person 0.050611258 334 121 372 152
person 0.1263451 458 41 479 70
person 0.15445167 344 48 372 116
person 0.17024387 353 42 372 73
person 0.8761417 175 119 268 301
car 0.012947909 300 43 342 74
boat 0.007889365 353 56 436 108
boat 0.018866977 377 59 488 102
