train 0.021525847 213 179 236 203
car 0.0050807614 194 186 206 198
car 0.0070530777 12 186 33 195
car 0.0071743154 192 180 223 200
car 0.010476147 349 193 392 209
car 0.011002062 171 188 182 200
car 0.0143073425 33 183 56 195
car 0.02389195 0 184 49 198
car 0.06804157 20 182 64 197
car 0.08446487 199 184 212 201
car 0.3999061 143 189 176 208
car 0.8002474 240 192 271 216
car 0.81313896 213 179 236 203
bus 0.0065425937 195 172 238 201
bus 0.011435234 196 179 215 201
bus 0.07359846 213 179 236 203
