sheep 0.03806297 350 128 385 154
person 0.02316263 93 136 111 187
horse 0.0059154024 96 121 181 182
horse 0.015753882 43 134 66 164
horse 0.020742064 93 136 111 187
horse 0.060068913 339 129 384 155
horse 0.082958475 160 150 214 189
dog 0.011671169 339 129 384 155
dog 0.011912697 160 150 214 189
dog 0.014628192 369 182 432 226
cow 0.041886415 93 136 111 187
cow 0.061444163 43 134 66 164
cow 0.39071 339 129 384 155
cow 0.70019597 158 148 216 190
cow 0.8373824 371 182 432 231
cow 0.9738268 96 121 181 182
