sofa 0.009939135 46 208 284 294
sofa 0.03664808 0 145 500 375
sofa 0.12136379 2 176 280 342
person 0.0062456615 445 0 500 129
person 0.024370573 244 41 416 314
person 0.03949919 46 208 284 294
person 0.046954058 53 17 436 294
dog 0.025287628 40 228 130 285
dog 0.053951904 2 176 280 342
dog 0.05741317 19 208 162 292
dog 0.37924078 46 208 284 294
chair 0.010659931 0 145 500 375
chair 0.013991878 409 188 500 357
chair 0.100128725 281 177 500 359
cat 0.008570769 40 228 130 285
cat 0.02759098 329 275 407 339
