sofa 0.005839384 43 90 217 375
pottedplant 0.0051502925 0 0 13 42
pottedplant 0.006582914 117 5 160 33
pottedplant 0.013491159 100 2 163 49
pottedplant 0.017224498 112 46 169 115
pottedplant 0.049253765 95 2 169 123
pottedplant 0.13510662 115 113 181 171
person 0.006435039 398 167 435 201
person 0.011646334 0 0 33 39
person 0.013183338 74 142 208 374
person 0.99547094 17 82 178 375
person 0.99741566 162 64 330 375
person 0.99938405 306 99 456 375
dog 0.1244662 126 172 203 365
chair 0.10109025 19 118 176 375
cat 0.0099801 19 118 176 375
cat 0.9398482 127 164 201 345
