person 0.0059067043 154 257 163 281
person 0.007055097 279 237 326 265
person 0.008083992 201 302 213 324
person 0.008999298 145 257 154 278
person 0.017825522 173 257 182 279
person 0.025590008 181 258 194 276
person 0.026249273 202 255 213 278
person 0.030715847 189 303 225 329
person 0.28209925 161 254 174 285
motorbike 0.0537711 279 237 326 265
car 0.19674441 279 237 326 265
bicycle 0.010395344 279 237 326 265
aeroplane 0.005577105 279 237 326 265
aeroplane 0.12048059 416 125 495 184
aeroplane 0.99941885 8 46 477 299
