tvmonitor 0.007881099 436 222 468 312
tvmonitor 0.008285405 471 217 500 300
tvmonitor 0.00955609 394 217 429 297
tvmonitor 0.043801673 429 201 463 276
tvmonitor 0.06797942 425 202 464 235
tvmonitor 0.11093463 453 227 492 314
tvmonitor 0.34479368 420 206 456 304
person 0.9994238 71 100 352 375
chair 0.00975644 263 228 383 371
chair 0.010811066 376 218 413 294
chair 0.03284338 394 217 429 297
chair 0.057252124 420 206 456 304
chair 0.12546286 89 231 398 371
car 0.010893191 96 133 379 374
boat 0.0063792127 53 122 424 375
