sheep 0.00622637 1 57 12 129
sheep 0.007819555 95 75 257 164
sheep 0.008377789 0 55 33 92
sheep 0.008951698 73 0 110 20
sheep 0.010779741 0 35 123 139
sheep 0.011067991 30 143 107 209
sheep 0.011094053 44 8 59 19
sheep 0.017020369 37 5 133 43
sheep 0.028328707 0 0 14 41
sheep 0.038492445 0 81 20 231
sheep 0.052363977 0 17 14 71
sheep 0.104603395 0 1 24 77
sheep 0.10584394 0 37 26 123
sheep 0.3437727 238 88 318 154
sheep 0.35580176 15 14 119 71
sheep 0.5159794 461 129 499 226
sheep 0.9147856 97 37 251 122
sheep 0.9444058 98 96 275 292
sheep 0.97348046 0 61 125 210
sheep 0.9818705 254 120 389 304
horse 0.005018856 469 134 497 241
horse 0.03674009 110 96 289 293
dog 0.005079384 238 88 318 154
dog 0.006481429 106 81 297 274
dog 0.017428288 461 129 499 226
dog 0.019098759 97 37 251 122
cow 0.0050335927 0 47 24 143
cow 0.005450231 97 37 251 122
cow 0.009701442 461 129 499 226
cow 0.014502835 238 88 318 154
cow 0.04383628 110 96 289 293
chair 0.008930809 106 81 297 274
cat 0.010515124 115 44 277 123
cat 0.10623213 461 129 499 226
bottle 0.024879238 72 171 92 212
bird 0.008138366 71 175 91 217
bird 0.06421509 461 129 499 226
bird 0.90846527 19 184 84 285
bird 0.9163083 55 273 110 331
