person 0.006038449 441 105 448 171
person 0.0061362614 436 105 448 213
person 0.006372642 214 87 259 161
person 0.0070183896 97 91 335 316
person 0.020355694 213 81 283 203
person 0.022496074 225 82 341 272
person 0.030218158 442 122 448 203
motorbike 0.00657652 23 60 353 297
horse 0.048885822 184 87 340 304
horse 0.9075085 30 81 395 329
cow 0.8985077 13 82 314 329
car 0.0057100845 23 60 353 297
car 0.006159446 408 114 444 145
car 0.020446366 298 92 434 157
car 0.025088575 441 122 448 189
car 0.08612268 322 104 386 145
