person 0.0061904555 489 197 499 222
person 0.008183308 481 207 498 333
person 0.008687629 239 240 353 333
person 0.010464215 435 172 473 212
person 0.015281416 391 193 410 227
person 0.01588875 342 221 375 323
person 0.018159991 491 189 500 268
person 0.025695292 417 188 438 214
person 0.026688362 409 189 429 228
person 0.07186668 478 186 499 283
person 0.1470396 295 241 367 331
person 0.16311187 348 214 405 322
person 0.19721673 415 198 446 313
person 0.24140503 424 176 480 301
person 0.36979404 378 212 410 327
person 0.6003735 479 193 500 226
person 0.7963744 433 216 495 330
person 0.8535251 401 200 427 331
person 0.8953105 65 188 189 332
person 0.9863024 255 203 310 335
diningtable 0.030178439 173 271 269 320
