sofa 0.008820307 0 211 125 329
sofa 0.8074023 179 152 474 326
person 0.007547224 122 153 306 261
person 0.01075423 41 144 466 334
person 0.011053127 152 183 212 248
person 0.011169585 224 119 490 312
person 0.014076602 167 156 232 199
person 0.017248401 185 161 211 198
person 0.1469708 249 104 394 215
person 0.94883615 140 98 362 315
person 0.96685123 0 136 132 334
chair 0.03139945 129 146 456 327
chair 0.077773206 0 211 125 329
bottle 0.005089289 14 106 32 143
bottle 0.009957455 22 107 37 160
bottle 0.013070485 1 93 8 173
