tvmonitor 0.010631009 433 175 466 251
tvmonitor 0.96544766 0 202 26 305
pottedplant 0.005563856 26 189 171 283
pottedplant 0.006300235 23 122 166 245
pottedplant 0.015125218 48 223 380 368
pottedplant 0.11388001 189 74 242 124
pottedplant 0.1464003 190 85 224 120
person 0.006585895 344 112 476 350
dog 0.014753687 358 221 435 291
diningtable 0.007884433 45 209 165 311
diningtable 0.21384262 66 292 350 367
diningtable 0.8891015 48 223 380 368
chair 0.0067560943 137 205 184 297
chair 0.008442047 368 239 447 304
chair 0.017423265 50 231 202 364
chair 0.018928375 442 179 495 366
chair 0.022474589 112 202 179 272
chair 0.033281885 357 209 464 324
chair 0.1590743 45 209 165 311
chair 0.2123638 349 245 476 372
chair 0.42225608 105 213 176 327
cat 0.008366274 358 221 435 291
