person 0.0050482666 125 138 235 255
person 0.006688 209 158 276 235
person 0.013427952 161 164 241 242
person 0.99110407 23 90 82 329
person 0.99722034 235 137 272 247
person 0.997427 388 156 450 299
person 0.99895704 119 89 169 271
motorbike 0.0076945717 182 147 258 243
motorbike 0.011560343 215 130 253 156
motorbike 0.1813316 158 179 244 248
car 0.006836589 440 119 500 166
car 0.060969424 345 99 380 125
bicycle 0.018098183 125 138 235 255
bicycle 0.04058219 210 131 245 156
bicycle 0.7130472 158 179 244 248
