sofa 0.01687627 88 213 226 332
person 0.0074748755 35 106 56 139
person 0.0100404825 423 85 454 155
person 0.010859708 256 216 298 289
person 0.029428892 244 207 318 333
person 0.086407885 426 89 447 124
person 0.90275073 196 172 283 332
person 0.96154964 79 208 203 332
person 0.9969184 305 28 424 330
motorbike 0.020151215 180 208 320 333
chair 0.008434218 1 183 59 327
chair 0.023897506 79 208 203 332
car 0.008133453 0 128 101 173
car 0.014324548 0 96 65 144
car 0.015105411 227 100 247 112
car 0.9814428 0 88 137 176
