person 0.009854636 111 105 127 160
person 0.02032323 409 118 429 147
person 0.021533221 300 108 322 142
person 0.021961903 268 113 332 157
person 0.027139988 361 116 425 159
person 0.027158497 223 117 268 147
person 0.029330337 389 116 409 151
person 0.032797873 113 113 146 188
person 0.047665674 347 120 396 149
person 0.05026 398 116 416 151
person 0.06272303 389 120 428 146
person 0.21818116 245 111 280 141
person 0.27177718 267 153 300 179
person 0.42198265 16 116 46 187
person 0.55519104 208 106 236 164
person 0.5554973 26 112 61 181
person 0.8437178 280 105 321 144
person 0.9694521 123 105 160 181
person 0.98020273 173 102 208 167
person 0.9968792 65 113 109 208
car 0.0067367824 380 118 419 147
car 0.008493414 16 114 72 176
car 0.01977621 223 117 268 147
car 0.023878934 361 116 425 159
car 0.063691296 399 120 434 144
car 0.11655687 347 120 396 149
car 0.99985206 96 143 406 246
