person 0.007765327 32 0 97 49
person 0.00827115 91 0 120 50
person 0.009391101 9 146 87 206
person 0.01200294 264 41 283 86
person 0.01209319 2 22 23 68
person 0.012818416 0 156 19 308
person 0.013029173 0 149 61 315
person 0.013928036 0 55 19 217
person 0.01598619 260 38 286 121
person 0.021795928 0 11 9 79
person 0.022486519 1 7 52 153
person 0.033034712 0 9 27 303
person 0.09619047 0 25 27 137
person 0.098457776 107 3 184 115
person 0.18395671 9 24 118 302
person 0.36712283 12 4 92 157
person 0.37929764 23 148 107 321
person 0.62184465 88 18 185 301
person 0.7855488 292 109 411 230
person 0.9529199 134 151 266 327
car 0.008845119 216 62 251 90
bicycle 0.03252542 436 119 499 185
bicycle 0.045041956 262 121 340 196
bicycle 0.18113375 477 105 500 205
bicycle 0.28082287 395 117 472 181
bicycle 0.9185376 261 113 402 229
