sofa 0.062837906 0 206 223 375
person 0.012699771 113 126 128 164
person 0.016290728 319 128 364 160
person 0.017592205 120 112 201 237
person 0.01913297 0 252 113 370
person 0.020167185 298 126 376 187
person 0.020225327 115 133 126 151
person 0.021751335 186 50 221 106
person 0.0235123 302 134 407 240
person 0.024932195 186 96 255 151
person 0.026736548 0 290 203 375
person 0.031029005 275 127 348 226
person 0.12804982 107 142 132 188
person 0.48675784 2 238 61 375
person 0.49042544 88 157 245 287
person 0.57009107 215 46 255 103
person 0.61718726 379 225 500 373
person 0.66151965 122 105 192 174
person 0.9492121 188 105 254 212
person 0.9893718 18 173 255 365
person 0.99303323 257 142 423 374
diningtable 0.0053761406 220 114 301 165
diningtable 0.005709918 440 138 498 211
diningtable 0.00997186 248 122 317 194
diningtable 0.010377157 298 126 376 187
diningtable 0.024111178 264 115 413 360
diningtable 0.030876724 273 131 389 228
diningtable 0.05057089 270 122 352 196
diningtable 0.20629609 21 207 304 367
diningtable 0.8655077 149 218 357 374
chair 0.009550041 419 128 495 264
chair 0.010698867 355 127 381 163
chair 0.014227075 292 135 334 216
chair 0.015067847 1 181 11 261
chair 0.01738129 476 121 499 204
chair 0.02152957 361 129 397 184
chair 0.02983815 0 290 203 375
chair 0.0383607 434 121 471 199
chair 0.043924164 265 198 454 375
chair 0.04613718 315 126 391 185
chair 0.05690315 106 151 132 188
chair 0.058899764 401 178 434 253
chair 0.060130004 263 126 302 198
chair 0.09578011 0 179 22 256
chair 0.108190686 185 143 252 213
chair 0.12449572 330 234 491 373
chair 0.16660388 368 135 391 173
chair 0.27044767 453 133 497 218
chair 0.30820927 0 206 223 375
chair 0.95373726 273 127 321 215
bottle 0.0065823426 236 170 252 214
