tvmonitor 0.007957761 183 39 298 131
tvmonitor 0.008488709 472 0 499 42
tvmonitor 0.009716131 394 6 470 49
tvmonitor 0.14690612 0 54 128 219
person 0.0066470867 0 0 26 89
person 0.0066527934 183 39 298 131
person 0.033696804 374 83 495 375
diningtable 0.99185985 2 74 495 375
chair 0.0059139743 392 13 470 63
chair 0.007071058 474 9 499 49
chair 0.013649012 373 130 493 375
chair 0.01683677 412 47 495 112
chair 0.11436553 359 279 500 375
chair 0.3319457 183 39 298 131
chair 0.5129555 0 54 128 219
car 0.009327774 394 6 470 49
