tvmonitor 0.008980846 124 208 162 271
tvmonitor 0.015134687 140 203 229 262
sofa 0.015034317 228 179 406 270
sofa 0.015684586 367 207 495 347
sofa 0.21023512 167 165 321 259
person 0.023459973 228 179 406 270
person 0.037519023 132 175 242 269
person 0.076333344 167 165 321 259
person 0.49541247 229 152 297 254
person 0.63291115 188 151 258 252
diningtable 0.08027377 368 217 494 369
chair 0.005581774 469 175 499 212
chair 0.008358379 446 170 499 219
chair 0.042005483 449 199 500 375
chair 0.047273878 479 209 499 375
chair 0.30652833 368 217 494 369
bottle 0.007102771 288 223 302 259
bottle 0.11394046 294 223 312 260
