aeroplane 0.005256986 330 176 458 212
aeroplane 0.005739791 324 201 377 216
aeroplane 0.006774684 390 186 434 213
aeroplane 0.007665181 340 205 361 213
aeroplane 0.008151805 310 178 402 218
aeroplane 0.008283657 115 169 206 216
aeroplane 0.010075482 114 179 165 204
aeroplane 0.01134389 218 177 338 225
aeroplane 0.014569316 90 189 152 213
aeroplane 0.015918346 305 189 357 214
aeroplane 0.017669126 327 191 395 213
aeroplane 0.019395897 427 173 500 219
aeroplane 0.07790635 17 148 172 213
aeroplane 0.08286543 81 171 169 217
aeroplane 0.13745487 427 187 481 215
aeroplane 0.5043826 392 176 478 216
aeroplane 0.87385005 137 156 348 221
