person 0.0051612826 0 10 8 69
person 0.005188195 86 0 118 39
person 0.005842707 389 2 408 42
person 0.0061344383 0 0 10 46
person 0.006587103 456 0 498 154
person 0.0073990384 6 0 43 47
person 0.010372084 359 6 399 34
person 0.017812267 376 3 450 57
person 0.045367777 417 0 448 61
person 0.072304666 396 0 430 58
person 0.12461451 474 0 499 119
car 0.0059753526 90 0 130 28
car 0.0067341384 357 16 402 41
car 0.007042863 452 6 497 174
car 0.008295831 148 3 167 18
car 0.023768606 344 9 397 29
car 0.02918944 376 3 450 57
car 0.03157671 476 0 498 147
car 0.046396714 446 7 486 31
car 0.9999641 5 21 500 237
