person 0.0052937237 292 91 311 128
person 0.00755759 109 84 143 166
person 0.010776479 66 96 81 110
person 0.011452264 114 87 132 114
person 0.011689016 285 84 307 116
person 0.030324692 121 86 140 117
person 0.83957916 59 81 142 206
motorbike 0.008736362 31 164 281 348
motorbike 0.03418327 266 114 284 142
motorbike 0.9999958 0 167 381 481
car 0.0071502267 266 105 304 137
car 0.00762165 66 96 81 110
car 0.008567304 14 101 35 114
car 0.008665684 333 87 351 99
car 0.009209875 26 101 47 114
car 0.0099204015 333 92 350 107
car 0.010545589 292 91 311 128
car 0.012230402 266 114 284 142
car 0.013155452 304 93 337 152
car 0.014801462 55 103 72 116
car 0.020619707 303 91 344 115
car 0.024624465 32 99 56 110
car 0.026053967 276 97 314 123
car 0.032048516 4 95 46 113
car 0.04138622 45 103 65 115
car 0.096014366 26 99 62 116
car 0.11767193 290 94 337 125
car 0.35637358 266 93 332 148
car 0.94715536 310 84 387 167
car 0.98833644 170 92 263 146
bicycle 0.009211001 266 114 284 142
