tvmonitor 0.889751 0 124 49 195
sofa 0.009095236 26 193 217 365
sofa 0.03563766 379 193 495 326
pottedplant 0.006245817 26 193 217 365
pottedplant 0.7149456 65 120 158 184
person 0.0057133376 281 148 360 217
person 0.018055573 252 107 395 345
person 0.082702935 294 0 496 229
person 0.23222049 266 133 375 250
person 0.46508104 236 0 500 375
person 0.9926259 167 164 237 337
person 0.9975135 21 200 197 375
dog 0.017139068 384 203 486 266
diningtable 0.02351748 213 265 445 366
chair 0.008536672 171 296 334 374
chair 0.010549883 39 222 202 363
chair 0.02346246 384 245 500 366
chair 0.17068787 379 193 495 326
chair 0.23007068 167 193 236 342
chair 0.66461456 212 285 447 375
cat 0.0052262233 384 203 486 266
