person 0.0077524455 0 68 11 327
person 0.017615408 0 51 28 333
person 0.45689484 0 54 69 332
diningtable 0.99578786 107 212 450 326
chair 0.0050487802 229 219 254 327
chair 0.007842059 2 202 88 333
chair 0.008481402 0 151 19 319
chair 0.012379938 182 180 221 236
chair 0.033356003 178 220 452 333
chair 0.046480887 0 78 63 333
chair 0.14475328 114 181 232 330
chair 0.14748554 104 221 326 331
chair 0.34996653 142 174 218 241
chair 0.69985676 355 183 442 326
chair 0.72224647 68 222 204 329
bottle 0.041139342 229 219 254 327
bottle 0.053605817 233 271 251 319
