pottedplant 0.005379295 0 200 8 275
pottedplant 0.005510543 1 192 22 311
pottedplant 0.01560125 2 133 27 258
pottedplant 0.2029855 302 95 381 152
pottedplant 0.85449094 0 131 54 303
diningtable 0.99966735 56 182 342 333
chair 0.005625163 35 213 101 333
chair 0.007594327 279 173 357 330
chair 0.010675336 0 171 60 326
chair 0.014640776 70 287 173 332
chair 0.015208346 53 276 126 333
chair 0.020380916 472 203 499 305
chair 0.114824474 438 193 499 317
chair 0.23864637 47 232 157 333
bottle 0.005861814 492 97 498 188
bottle 0.0062163454 453 83 485 156
