sofa 0.006553867 0 337 81 485
person 0.008543577 331 342 375 490
person 0.008644265 309 348 328 391
person 0.013191651 89 360 106 395
person 0.034267172 70 352 82 426
person 0.040478025 207 309 236 371
person 0.23924197 125 165 202 395
person 0.98663676 291 350 347 500
chair 0.0059692105 298 344 354 500
car 0.0053236303 89 360 106 395
car 0.029572316 246 348 273 376
car 0.030665796 92 349 114 391
car 0.031977408 272 367 307 430
car 0.04885793 254 350 359 475
car 0.061550204 237 365 311 433
car 0.20709796 331 342 375 490
car 0.407365 0 329 81 467
bus 0.14181277 116 156 206 500
