person 0.00957892 1 100 6 132
person 0.013035742 1 112 10 195
person 0.016679088 87 97 117 190
person 0.018957721 0 95 17 187
person 0.02574134 8 6 435 353
person 0.033640765 1 95 10 155
person 0.9884509 67 90 113 216
diningtable 0.006386661 11 111 73 158
car 0.0068146586 438 108 471 140
car 0.008664447 478 96 497 135
car 0.008829554 395 90 467 145
car 0.012633022 487 102 499 146
car 0.031157514 439 98 498 143
car 0.29511514 11 111 73 158
car 0.9951142 48 17 463 344
bus 0.013207583 94 7 457 319
