person 0.0059326175 317 0 343 57
person 0.011583132 142 12 269 104
person 0.011924145 184 25 259 95
person 0.014385736 343 0 400 58
person 0.0158708 485 1 498 203
person 0.018325953 273 17 469 187
person 0.018404858 162 8 205 83
person 0.17364636 118 10 202 108
person 0.99936914 253 39 500 313
motorbike 0.58388907 231 153 500 332
horse 0.022173451 131 42 285 132
horse 0.029949369 115 8 231 104
dog 0.010367521 161 170 238 212
cat 0.016039073 83 171 202 214
cat 0.029866064 161 170 238 212
boat 0.0059033222 0 96 500 319
bicycle 0.3366692 52 160 500 328
