pottedplant 0.0053201597 90 229 207 264
pottedplant 0.0064304196 0 87 29 118
pottedplant 0.0067636706 98 59 136 119
pottedplant 0.006934618 81 172 131 203
pottedplant 0.007805439 167 72 189 99
pottedplant 0.008302369 302 122 360 165
pottedplant 0.014367262 424 128 446 192
pottedplant 0.015160221 72 154 172 229
pottedplant 0.0154994475 187 151 232 173
pottedplant 0.0195759 159 139 194 163
pottedplant 0.020749962 30 136 48 170
pottedplant 0.027519232 108 149 219 231
pottedplant 0.027612993 185 139 246 179
pottedplant 0.049877487 166 136 185 157
pottedplant 0.057232473 424 168 444 206
pottedplant 0.72181404 76 141 105 166
pottedplant 0.9279485 76 175 135 229
person 0.006223107 30 136 48 170
diningtable 0.012804948 220 143 306 235
diningtable 0.30281213 148 148 295 228
chair 0.009432448 113 158 189 221
chair 0.011180325 228 152 269 226
chair 0.011786278 174 153 218 227
chair 0.025670508 212 155 255 229
chair 0.72469074 135 147 237 231
chair 0.9717508 244 136 310 240
