motorbike 0.0069342013 29 194 171 315
horse 0.04034146 154 244 177 288
horse 0.114373825 18 193 149 320
cow 0.0075621433 13 188 78 305
cow 0.009756947 205 205 307 295
cow 0.01770332 156 227 190 289
cow 0.026421718 119 181 196 251
cow 0.027358403 57 250 145 310
cow 0.26061705 154 244 177 288
cow 0.4771251 97 178 183 302
cow 0.68899876 189 218 312 424
cow 0.86673266 29 194 171 315
cow 0.92158955 227 188 317 243
car 0.0063329586 217 190 306 242
car 0.008447127 60 182 77 196
car 0.0085214935 159 191 229 240
car 0.010442974 37 183 61 193
car 0.0231218 76 183 93 196
car 0.025085945 29 194 171 315
car 0.040750455 71 182 88 198
car 0.065064505 37 182 75 197
car 0.27990922 140 182 210 233
car 0.47945315 96 178 204 267
