tvmonitor 0.006808232 246 7 268 33
person 0.0051242406 83 0 128 95
person 0.10182386 136 4 181 86
person 0.19377986 70 0 143 129
diningtable 0.9999511 0 26 500 375
chair 0.005299864 0 78 185 368
chair 0.0054845167 140 39 176 78
chair 0.0065486874 478 88 498 227
chair 0.007065348 24 36 165 255
chair 0.0106415935 485 71 498 324
chair 0.012685438 473 51 497 375
chair 0.025389498 1 116 113 259
chair 0.035934746 0 107 58 286
chair 0.10465435 453 67 500 324
chair 0.22671443 135 27 182 95
chair 0.2780485 50 46 117 193
chair 0.5386339 352 41 398 97
chair 0.8149026 434 63 498 212
bottle 0.0058190785 269 18 281 58
bottle 0.019679397 274 19 287 58
bottle 0.18167232 246 7 268 33
