person 0.0058682826 133 165 144 185
person 0.007771699 124 187 230 273
person 0.008477593 467 152 491 244
person 0.009084328 187 136 208 174
person 0.010090492 209 172 245 236
person 0.010216381 125 162 134 188
person 0.013712801 230 197 277 272
person 0.014721596 103 146 122 183
person 0.015300553 214 180 236 226
person 0.016929692 83 141 101 187
person 0.07868486 491 147 499 238
person 0.09604478 110 154 129 188
person 0.8359989 216 178 263 260
person 0.9139855 479 151 498 247
person 0.9829136 132 157 203 247
person 0.99120975 284 171 335 252
car 0.0050829565 0 162 49 188
car 0.0051383916 102 150 137 181
car 0.0062017813 0 156 24 189
bicycle 0.006774528 197 185 259 248
bicycle 0.0072542066 138 172 194 248
bicycle 0.93353975 206 198 279 274
bicycle 0.9714509 129 193 212 266
bicycle 0.9820204 279 202 332 265
