sofa 0.006327864 135 295 199 369
sofa 0.033765122 395 286 469 348
pottedplant 0.005006503 104 245 121 294
pottedplant 0.0056738886 380 240 403 277
pottedplant 0.0057817483 114 221 139 287
pottedplant 0.0065530897 34 311 72 343
pottedplant 0.008388769 142 289 185 372
pottedplant 0.008597816 76 265 138 355
pottedplant 0.008608527 129 312 148 359
pottedplant 0.008710489 68 322 94 354
pottedplant 0.011789314 48 297 87 364
pottedplant 0.012698438 134 293 163 367
pottedplant 0.013437998 59 343 97 369
pottedplant 0.013603773 145 262 166 296
pottedplant 0.017998928 64 262 96 354
pottedplant 0.020679357 71 270 108 301
pottedplant 0.021559052 100 283 142 351
pottedplant 0.021980178 35 330 93 375
pottedplant 0.024275335 263 259 284 293
pottedplant 0.025401771 126 216 155 292
pottedplant 0.5438082 43 348 84 375
pottedplant 0.7210722 91 310 132 360
person 0.006375843 104 245 121 294
person 0.0075885197 417 281 454 352
person 0.009480032 135 295 199 369
person 0.014280825 114 221 139 287
person 0.019027902 71 265 108 297
person 0.019662526 124 216 141 269
person 0.01994266 132 260 161 330
person 0.01999719 126 216 155 292
person 0.020412521 199 280 246 359
person 0.043585975 56 274 89 354
person 0.04637662 67 256 92 300
person 0.056374043 455 274 492 350
person 0.07840785 435 277 466 350
person 0.12663737 475 265 494 355
person 0.24487041 389 282 415 348
person 0.28110877 65 258 99 328
person 0.41419753 140 272 180 358
horse 0.0077235606 135 295 199 369
diningtable 0.009517925 175 292 241 369
diningtable 0.010342651 435 277 466 350
diningtable 0.01535402 135 295 199 369
diningtable 0.034909237 390 284 424 349
diningtable 0.050618835 414 296 454 353
diningtable 0.5434044 395 286 469 348
chair 0.0057690316 408 288 427 350
chair 0.006409877 2 285 9 375
chair 0.0065643014 445 301 466 351
chair 0.006685394 30 288 101 343
chair 0.01586751 392 279 409 355
chair 0.019689428 2 294 26 374
chair 0.029361572 27 296 69 365
chair 0.045394734 475 265 494 355
chair 0.06704267 56 274 89 354
chair 0.09729342 160 297 202 368
chair 0.15416095 183 295 226 368
chair 0.19358046 417 281 454 352
chair 0.4109887 142 289 185 372
chair 0.43422815 435 277 466 350
chair 0.7482701 390 284 424 349
chair 0.88832635 455 274 492 350
chair 0.98091215 196 286 247 371
