sofa 0.012017597 5 203 190 498
sofa 0.110609405 222 226 370 489
person 0.010628414 239 217 365 356
person 0.0749756 93 179 147 260
person 0.864236 145 191 194 258
person 0.86478764 210 124 287 357
person 0.8786192 222 190 365 478
person 0.94995123 82 171 161 303
person 0.9992844 6 192 159 481
diningtable 0.01602551 5 203 190 498
chair 0.0075081084 103 328 176 494
chair 0.012577165 146 190 194 277
chair 0.027561722 216 189 289 404
chair 0.048172552 221 295 374 499
chair 0.14240725 3 314 153 499
chair 0.39531952 134 329 216 500
bottle 0.01059563 184 246 198 302
bottle 0.01144431 179 245 190 306
bottle 0.04104846 160 241 189 314
bottle 0.04208492 167 247 180 317
