tvmonitor 0.0066881473 0 74 8 158
tvmonitor 0.01745548 0 72 20 172
person 0.010684469 233 7 490 375
chair 0.0479915 116 0 236 71
bottle 0.006688933 116 58 166 140
bottle 0.0075294147 315 20 403 259
bottle 0.008438 35 120 229 336
bottle 0.008557025 142 65 227 218
bottle 0.009566336 116 0 236 71
bottle 0.01136557 8 55 108 175
bottle 0.014972658 8 39 107 336
bottle 0.03952763 166 8 495 375
bottle 0.059725 94 54 157 110
bottle 0.06022634 109 42 237 275
bottle 0.11824615 87 51 128 113
bottle 0.25317603 274 22 327 143
bottle 0.29879692 5 165 123 302
bottle 0.38664657 159 82 242 315
bottle 0.49462038 212 52 280 161
bottle 0.5479916 90 62 160 177
bottle 0.8682845 285 38 451 337
