person 0.005528957 224 26 264 100
person 0.005539481 1 0 23 334
person 0.0055759 1 28 12 291
person 0.0072700516 241 21 267 55
person 0.007746671 83 0 119 26
person 0.008507678 2 14 51 186
person 0.008631587 145 28 217 172
person 0.009068092 82 1 102 35
person 0.029318457 240 20 280 78
person 0.02934206 216 80 264 157
person 0.03182504 4 0 111 144
person 0.044361096 1 26 21 174
person 0.067229286 458 49 498 266
person 0.09443641 469 53 499 187
person 0.38399124 457 59 500 134
person 0.42799744 209 79 282 199
person 0.7674348 227 27 289 139
person 0.9976742 0 1 261 375
person 0.99839056 227 31 496 373
bottle 0.0070277965 311 184 328 235
bottle 0.14420326 284 149 309 251
bottle 0.15481059 300 136 342 218
