person 0.0052277795 0 6 8 68
person 0.0070667407 377 2 417 81
person 0.0078265555 383 76 445 236
person 0.009469845 206 3 351 118
person 0.011364837 230 26 425 155
person 0.017502775 366 8 433 224
person 0.017515775 52 47 78 196
person 0.021931814 132 4 422 334
person 0.026752872 296 0 315 42
person 0.07465329 313 10 395 188
person 0.14344358 309 2 358 54
person 0.4734014 27 57 74 221
person 0.8270986 193 0 368 243
person 0.86418307 379 4 496 240
motorbike 0.057677973 439 71 500 241
motorbike 0.2793594 381 15 498 306
motorbike 0.99860746 128 61 377 331
car 0.005301408 444 46 500 230
