tvmonitor 0.038722556 0 270 29 364
person 0.04824396 0 192 7 267
car 0.0056710355 0 270 29 364
car 0.010428524 0 201 6 278
car 0.06187887 1 187 9 254
aeroplane 0.005305328 0 134 96 178
aeroplane 0.009111478 14 135 177 218
aeroplane 0.010126919 3 119 128 191
aeroplane 0.010993089 0 148 48 182
aeroplane 0.017263297 362 88 497 213
aeroplane 0.023272406 49 133 159 176
aeroplane 0.055730507 328 19 495 275
aeroplane 0.07020065 10 180 80 225
aeroplane 0.1218859 35 118 224 190
aeroplane 0.13549829 96 136 333 231
aeroplane 0.72943044 144 108 435 248
