sofa 0.006016858 101 104 184 280
sofa 0.0064442796 7 119 116 213
sofa 0.010720577 143 108 302 277
sofa 0.49248976 178 131 404 290
sofa 0.8263307 2 134 183 248
person 0.0054419036 2 160 9 262
person 0.00665694 193 129 255 193
person 0.015799662 215 118 302 196
person 0.017586159 2 165 20 265
person 0.017951204 241 123 310 302
person 0.021038836 2 135 99 186
person 0.0373108 0 138 125 237
person 0.04046545 221 103 360 212
person 0.04963236 157 104 194 181
person 0.05690041 128 108 193 255
person 0.29951108 182 107 307 272
person 0.79589516 91 108 170 275
person 0.8733701 255 100 389 296
chair 0.009119733 396 147 468 290
chair 0.009343567 315 153 393 306
chair 0.014156758 2 165 20 265
chair 0.029899016 174 139 311 291
chair 0.082936965 438 59 496 374
chair 0.343892 101 104 184 280
chair 0.75468576 247 120 399 301
chair 0.850285 412 160 500 352
