train 0.32114726 275 171 312 214
car 0.0052591837 219 190 235 210
car 0.006019612 174 194 202 223
car 0.006039802 118 191 158 228
car 0.008144134 184 187 228 217
car 0.012310709 41 194 60 230
car 0.0123160295 238 189 250 202
car 0.012542266 0 185 12 239
car 0.015273238 147 195 168 224
car 0.019631125 160 184 212 208
car 0.02204937 218 190 250 207
car 0.02567185 43 192 82 229
car 0.030239271 225 191 244 205
car 0.06745769 23 192 115 234
car 0.59579504 151 188 205 220
car 0.9647483 2 189 51 235
car 0.9839279 56 189 156 240
bus 0.25764915 275 171 312 214
boat 0.00728044 277 184 311 214
