sofa 0.47474906 73 40 217 172
sofa 0.9991123 186 71 487 314
person 0.0062155356 479 7 500 112
person 0.010999473 84 13 170 70
person 0.10476858 84 19 205 137
dog 0.0067463536 99 13 184 73
diningtable 0.009780678 202 6 280 75
diningtable 0.015455814 269 9 332 78
chair 0.0058492366 318 154 500 359
chair 0.0061532096 177 5 221 87
chair 0.0066151307 84 13 170 70
chair 0.011823829 202 6 239 84
chair 0.054166958 337 0 379 85
chair 0.078702025 192 101 500 322
chair 0.09539634 202 6 280 75
chair 0.4443221 86 37 227 172
chair 0.6456879 276 6 326 82
cat 0.006164176 99 13 184 73
bottle 0.0071563665 187 131 206 177
