train 0.0064156344 0 17 445 293
person 0.005040383 49 67 83 126
person 0.006937445 381 51 401 79
person 0.007031582 429 41 448 72
person 0.007197088 418 64 490 138
person 0.007416661 4 57 18 93
person 0.008615683 477 48 497 153
person 0.008818536 6 59 17 80
person 0.008940867 492 57 498 154
person 0.011597562 460 50 474 104
person 0.018753277 12 45 45 118
person 0.022314366 17 51 33 101
person 0.04037968 1 54 8 85
person 0.06439458 456 52 486 147
person 0.81788796 438 51 471 151
motorbike 0.8512053 0 51 500 326
car 0.008677514 418 64 490 138
car 0.01669617 14 12 267 231
car 0.026080316 135 88 500 359
car 0.6476094 0 17 445 293
