person 0.005794972 87 96 193 178
person 0.0061995173 137 97 176 172
person 0.008312218 1 111 6 143
person 0.0132556725 0 109 10 160
person 0.54629767 119 89 164 177
person 0.7251191 367 10 489 210
person 0.97741926 232 40 295 136
dog 0.005347277 0 140 65 221
diningtable 0.022701928 0 109 110 200
diningtable 0.16380866 0 129 65 229
diningtable 0.90207684 16 149 486 371
chair 0.006899172 109 92 179 174
chair 0.0075429855 10 166 165 375
chair 0.013497394 9 109 85 214
chair 0.013804337 435 158 499 375
chair 0.054167107 0 151 26 235
chair 0.100080885 1 137 54 226
chair 0.102335595 100 161 395 365
chair 0.50378925 389 98 495 359
