car 0.0050612306 16 222 69 244
car 0.0052069235 114 250 162 283
car 0.006680685 494 216 500 320
car 0.012378679 76 219 123 242
car 0.015016688 302 229 324 255
car 0.018461004 0 221 47 245
car 0.021342693 342 228 361 256
car 0.022129996 178 232 271 281
car 0.029863786 248 221 313 262
car 0.054327086 0 222 26 279
car 0.07359111 0 221 11 279
car 0.14164843 280 224 324 254
car 0.17526267 106 233 180 281
car 0.4450265 28 222 110 277
car 0.6826448 200 227 310 291
car 0.7049058 3 224 64 275
car 0.8669049 455 236 495 298
car 0.9073102 59 225 149 283
car 0.9361793 309 227 355 257
car 0.9918451 132 227 222 283
