sheep 0.00549896 414 121 488 192
sheep 0.00795154 402 83 450 121
sheep 0.011791726 442 147 495 201
sheep 0.01318003 295 43 342 95
person 0.005357077 97 149 158 194
person 0.009124792 442 147 495 201
dog 0.005154035 442 147 495 201
dog 0.02037459 402 83 450 121
cat 0.010075373 295 43 342 95
cat 0.02022058 442 147 495 201
cat 0.020473603 402 83 450 121
car 0.030551141 209 289 345 331
bottle 0.005009426 382 85 451 125
bottle 0.0067058564 41 151 168 193
bottle 0.007087881 190 150 228 180
bottle 0.010982302 232 154 285 201
bottle 0.011649546 216 126 255 188
bottle 0.012462219 358 155 405 190
bottle 0.01331382 442 147 495 201
bottle 0.016044242 396 122 472 189
bottle 0.016589845 209 289 345 331
bottle 0.019248571 289 42 343 102
bottle 0.03996497 241 159 271 189
bottle 0.064304076 149 150 189 195
bottle 0.09556785 105 149 178 196
bottle 0.10093931 192 148 246 198
