sheep 0.005166908 32 178 75 206
sheep 0.00561092 51 180 76 218
sheep 0.0073039117 16 181 74 235
sheep 0.022026267 150 178 185 205
sheep 0.027013116 147 175 169 204
person 0.010767444 229 166 285 224
person 0.99695665 227 166 286 288
person 0.999081 301 159 356 302
horse 0.011543032 32 178 75 206
horse 0.016842334 150 178 185 205
horse 0.016946862 21 188 66 232
horse 0.06895603 416 172 472 210
cow 0.0058681546 416 168 463 197
cow 0.06035741 51 180 76 218
cow 0.06626998 147 175 169 204
cow 0.082005724 32 178 75 206
cow 0.30320132 150 178 185 205
cow 0.7130124 420 171 471 218
cow 0.8133201 16 181 74 235
