sofa 0.0065478184 336 105 476 312
sofa 0.038266934 5 120 497 330
person 0.0050429744 472 24 498 327
person 0.005641283 2 4 23 120
person 0.005880856 7 16 48 107
person 0.00900904 67 0 95 47
person 0.009281225 159 0 200 21
person 0.009752465 62 8 83 49
person 0.011818915 0 0 53 210
person 0.012963194 42 19 86 101
person 0.02259781 2 0 12 62
person 0.046831988 2 3 22 53
person 0.08365651 411 53 500 187
person 0.22850963 438 43 500 307
person 0.3548371 190 136 317 212
person 0.40212068 12 3 90 115
person 0.46475092 1 67 134 309
person 0.7738795 23 112 166 255
person 0.9891672 343 78 472 300
car 0.007237233 2 0 12 62
car 0.008525126 159 0 200 21
car 0.020075677 2 3 22 53
car 0.13778904 81 2 122 35
boat 0.005439487 419 26 473 52
boat 0.014003514 347 41 440 81
boat 0.014600153 416 17 481 73
