person 0.0053008534 472 238 498 313
person 0.007647604 4 209 24 253
person 0.009203237 41 216 48 244
person 0.015573642 434 216 464 321
person 0.025038946 58 218 66 244
person 0.04667799 48 220 55 242
person 0.09173313 36 213 47 262
person 0.21160246 17 212 32 263
person 0.38104406 25 211 40 263
person 0.9981477 411 200 458 336
car 0.0070397165 489 244 499 312
car 0.0073247766 48 220 55 242
car 0.00847367 4 209 24 253
car 0.010276832 417 202 473 337
car 0.0158882 0 194 11 249
car 0.02063047 0 186 27 249
car 0.440347 472 238 498 313
bus 0.005437372 100 176 137 254
bus 0.0068137376 11 195 81 240
bus 0.0077145193 49 187 79 244
bus 0.008827071 0 194 11 249
bus 0.009884541 13 190 45 252
bus 0.0136039145 315 196 388 246
bus 0.018297693 0 186 27 249
bus 0.94966835 78 174 127 258
bus 0.9924793 96 131 339 334
