person 0.0054073716 82 84 100 122
person 0.0063982303 0 93 13 142
person 0.008085234 26 84 84 133
person 0.009382591 68 89 90 130
person 0.010122237 125 85 147 123
person 0.015324414 99 75 118 111
person 0.015942683 206 143 284 338
person 0.025022447 19 88 49 152
person 0.02506484 40 89 61 131
person 0.03731238 88 89 109 128
person 0.07029415 30 88 53 133
person 0.07305083 4 85 33 156
person 0.073466584 50 89 72 132
person 0.10335105 56 82 86 136
person 0.15176594 120 90 139 130
person 0.15314117 1 89 23 132
person 0.18253148 98 82 129 134
person 0.27300936 11 91 35 132
person 0.99925894 64 35 311 393
motorbike 0.053378392 173 173 391 423
motorbike 0.083523124 88 171 278 451
motorbike 0.9895666 43 124 404 463
car 0.005418992 44 18 327 354
car 0.0062247305 393 90 439 114
car 0.102043174 339 87 380 116
