person 0.005652094 12 127 34 176
person 0.010256774 25 114 42 179
person 0.022116087 417 142 447 219
person 0.02446222 480 150 499 318
person 0.035239168 2 127 22 177
person 0.06489914 1 121 10 184
person 0.5196877 157 84 241 269
person 0.6870686 9 112 47 182
person 0.85545045 237 39 307 323
person 0.9844257 466 63 500 297
person 0.99883854 259 58 491 375
dog 0.007022537 95 226 189 289
dog 0.9034964 38 234 215 348
car 0.0050776526 85 139 135 166
car 0.006989354 454 141 475 184
car 0.011463774 439 149 476 175
car 0.0135276215 57 136 108 159
car 0.0149352085 1 108 10 162
car 0.027011937 109 140 167 166
car 0.040872633 1 116 56 174
