person 0.014458545 470 11 481 27
person 0.014467684 350 3 371 38
person 0.01508776 488 26 500 89
person 0.016764335 466 2 485 37
person 0.02231898 451 20 463 38
person 0.02415576 443 0 454 19
person 0.027403051 461 18 472 37
person 0.033229444 447 17 467 59
person 0.040038127 488 1 500 56
person 0.04219044 355 4 394 77
person 0.042767484 468 18 489 60
person 0.050505236 370 6 412 80
person 0.051281784 410 0 444 24
person 0.053721786 343 0 376 55
person 0.07109547 340 1 361 41
person 0.076762006 440 1 457 36
person 0.08925645 458 2 475 38
person 0.1506092 447 0 466 39
person 0.4565072 470 11 500 78
person 0.57813686 385 11 450 109
motorbike 0.009669656 478 119 500 232
motorbike 0.009913006 79 0 341 55
motorbike 0.019008972 374 56 500 179
motorbike 0.12719683 434 64 500 216
motorbike 0.9999219 1 5 499 366
car 0.006029432 397 1 442 32
car 0.007412825 0 16 498 224
car 0.0077822297 0 24 23 139
car 0.009380664 119 0 213 47
car 0.0128116375 478 119 500 232
car 0.013628477 79 0 341 55
