person 0.008550396 225 87 255 141
person 0.011441619 16 128 31 198
person 0.024207843 0 110 6 216
person 0.23390421 19 114 41 211
person 0.9082791 2 112 26 214
person 0.962243 29 114 55 215
car 0.00845119 468 129 485 142
car 0.008958168 459 129 473 141
car 0.012802606 486 124 500 162
car 0.014348597 447 130 467 140
car 0.01562536 426 130 448 139
car 0.025221264 432 131 460 140
car 0.3475077 424 128 469 143
car 0.6829464 468 127 499 158
bus 0.0059481286 422 114 470 138
bus 0.008255609 49 84 127 148
bus 0.013536073 416 92 493 149
bus 0.0152473785 424 128 469 143
bus 0.029711332 50 61 128 210
bus 0.9997573 67 6 409 263
