sofa 0.016610097 22 205 321 372
pottedplant 0.0052388883 254 219 270 262
pottedplant 0.011002756 474 187 498 282
pottedplant 0.011103532 387 139 449 254
pottedplant 0.011288422 262 132 300 227
pottedplant 0.026445922 405 199 446 270
person 0.0074347705 330 260 475 370
person 0.008155621 298 166 324 215
person 0.18974501 274 167 357 344
person 0.5941753 271 162 334 229
person 0.7164644 313 185 431 346
person 0.9816236 28 178 249 373
diningtable 0.58868325 53 215 354 370
chair 0.007782121 213 226 350 367
chair 0.008549756 438 249 498 301
chair 0.01133879 2 228 25 358
chair 0.018425738 22 293 179 375
chair 0.019354949 340 222 444 363
chair 0.044421423 0 230 53 356
chair 0.050500773 273 194 295 228
chair 0.052043006 271 162 334 229
chair 0.13089666 28 202 247 371
chair 0.97110945 319 280 497 373
bottle 0.0067398534 238 219 256 264
bottle 0.007415918 225 210 241 255
bottle 0.21085458 254 219 270 262
