pottedplant 0.06518811 357 254 434 354
pottedplant 0.066481575 453 222 479 309
pottedplant 0.07230703 417 145 456 227
pottedplant 0.08335006 455 151 480 227
pottedplant 0.13518456 420 111 478 229
pottedplant 0.15229009 43 216 80 279
pottedplant 0.17996392 408 196 431 227
pottedplant 0.20350674 4 210 80 276
pottedplant 0.21170919 37 256 156 350
pottedplant 0.283698 0 279 46 360
pottedplant 0.3981016 32 26 156 245
pottedplant 0.39866254 424 238 479 360
pottedplant 0.45096174 0 113 60 298
pottedplant 0.47312644 5 40 56 90
pottedplant 0.47587913 82 136 187 242
pottedplant 0.5472462 82 171 130 244
pottedplant 0.5617294 385 191 419 217
pottedplant 0.8012373 60 36 114 200
pottedplant 0.82677007 342 138 408 202
pottedplant 0.979699 268 51 344 105
chair 0.0056491373 342 150 412 217
chair 0.021335974 206 89 294 212
