person 0.0051330533 185 45 262 233
person 0.005737603 384 6 500 315
person 0.014356926 427 45 488 264
person 0.028968265 450 0 499 222
person 0.03136386 486 37 500 311
person 0.034341574 17 0 178 269
person 0.039283685 27 176 77 208
person 0.60531163 471 0 499 317
person 0.9584254 226 75 354 303
person 0.9942412 343 0 451 316
person 0.9984639 56 10 270 319
horse 0.007925758 22 0 270 319
dog 0.014195557 27 176 77 208
cat 0.008047305 27 176 77 208
car 0.0062798527 431 0 500 47
car 0.009276454 361 0 500 89
