person 0.0051094536 284 22 320 45
person 0.005178939 37 10 51 24
person 0.0052427994 42 18 59 32
person 0.006210372 78 3 89 15
person 0.0062946575 23 14 61 37
person 0.007820098 72 14 111 39
person 0.009993722 103 2 115 11
person 0.011131931 45 9 58 24
person 0.031790763 336 22 369 44
person 0.05315212 85 3 99 14
person 0.056210898 93 2 107 12
motorbike 0.01909447 478 24 500 69
car 0.0052089486 378 31 485 126
car 0.0076754987 0 34 21 76
car 0.009111708 474 0 499 57
car 0.015049568 23 14 61 37
car 0.02201812 1 25 10 87
car 0.02712414 11 24 56 43
car 0.034384705 348 20 394 46
car 0.48950282 478 24 500 69
car 0.89703465 335 21 366 45
car 0.9858508 393 25 482 63
car 0.999698 2 14 209 94
car 0.99999154 14 53 493 245
