dog 0.0061660977 277 144 295 164
dog 0.019493692 317 64 334 94
boat 0.020029794 7 42 21 54
boat 0.020718958 213 80 233 94
boat 0.025744416 409 73 429 81
boat 0.025777753 18 44 32 52
boat 0.026964346 210 65 229 92
boat 0.031434167 26 43 39 50
boat 0.031569462 49 43 61 51
boat 0.03296379 55 42 66 51
boat 0.03355949 321 208 421 258
boat 0.035708006 317 64 334 94
boat 0.04117996 414 75 437 82
boat 0.041946843 395 70 439 82
boat 0.04934395 123 47 136 56
boat 0.076536074 24 62 38 70
boat 0.078915805 49 56 62 64
boat 0.092045456 48 60 61 68
boat 0.11935017 396 69 420 80
boat 0.12717652 19 64 33 72
boat 0.16777176 100 50 115 63
boat 0.21388155 436 68 454 80
bird 0.0865299 210 66 224 75
bird 0.0948617 83 110 101 122
bird 0.09624302 212 70 226 85
bird 0.09735877 210 65 229 92
bird 0.09774321 253 174 297 196
bird 0.113810346 66 110 100 125
bird 0.15156674 43 252 62 285
bird 0.3035283 317 64 334 94
bird 0.35687044 213 80 233 94
bird 0.3686866 213 175 271 220
bird 0.41298115 240 82 288 106
bird 0.43607047 132 229 169 251
bird 0.48766753 233 175 322 223
bird 0.5330275 151 147 188 201
bird 0.60646474 254 70 290 101
bird 0.71766603 277 144 295 164
bird 0.748773 22 251 61 283
bird 0.80508906 321 208 421 258
bird 0.96376956 351 150 392 177
bird 0.9755535 86 125 116 150
