person 0.04872316 124 98 228 193
person 0.65787655 160 104 218 171
bottle 0.018479448 94 145 125 249
bottle 0.020995826 130 137 162 215
bottle 0.021310775 321 144 340 198
bottle 0.023933636 391 135 422 192
bottle 0.046995655 277 149 296 194
bottle 0.054152686 219 151 245 315
bottle 0.054899465 174 116 214 195
bottle 0.16631703 1 186 23 324
bottle 0.2629898 246 131 276 190
bottle 0.27892274 346 140 370 295
bottle 0.42069134 278 153 305 309
bottle 0.8892596 10 157 34 304
bottle 0.98699063 143 166 179 294
bottle 0.99010646 306 135 354 329
bottle 0.993891 242 147 287 317
bottle 0.99704677 35 161 76 305
bottle 0.99736476 176 143 217 320
bottle 0.99827 92 144 134 325
bottle 0.998491 378 144 439 327
bottle 0.999257 443 146 485 320
