sheep 0.0052547185 254 163 275 211
sheep 0.010821663 123 148 169 223
person 0.005168425 92 172 106 220
person 0.0064674686 413 183 421 204
person 0.008429071 471 182 478 205
person 0.014490269 220 158 253 217
person 0.03129197 252 152 275 218
person 0.059769176 177 131 222 218
person 0.06666744 125 122 165 192
horse 0.010416744 227 167 249 217
horse 0.1105212 123 148 169 223
horse 0.2857738 179 143 220 223
dog 0.08659242 177 131 222 218
dog 0.20449983 122 124 168 219
cow 0.029527271 227 167 249 217
cow 0.03756952 254 163 275 211
cow 0.07218367 122 124 168 219
cow 0.3260537 179 143 220 223
