tvmonitor 0.008250415 455 137 492 211
tvmonitor 0.010625901 71 154 135 199
tvmonitor 0.016353788 381 159 417 201
sofa 0.010142754 208 231 500 369
sofa 0.6866529 42 196 198 301
pottedplant 0.0055260225 21 307 180 375
pottedplant 0.058036968 68 315 150 375
pottedplant 0.06590816 261 173 280 233
person 0.006620862 277 105 319 166
person 0.0072506033 69 236 111 264
person 0.014413886 70 209 182 264
person 0.07820727 21 189 197 293
dog 0.016003186 69 236 111 264
diningtable 0.08712801 208 231 500 369
chair 0.008006733 482 210 498 375
chair 0.008777742 441 178 496 335
chair 0.17481108 439 243 498 375
chair 0.56092864 45 190 196 292
cat 0.01063078 69 236 111 264
