person 0.0056971544 0 186 10 256
person 0.006928431 0 165 8 220
person 0.014574743 315 175 331 190
person 0.118687764 158 181 182 242
motorbike 0.0052459836 0 186 10 256
motorbike 0.010408361 1 185 26 249
car 0.012082468 1 186 59 249
car 0.013396683 1 189 7 217
car 0.013981867 158 181 182 242
car 0.018033542 154 186 221 241
car 0.019979274 0 165 8 220
car 0.037238594 98 189 137 220
car 0.11412574 104 199 136 237
car 0.12846802 0 186 10 256
car 0.31443843 1 185 26 249
car 0.40061605 168 181 283 256
car 0.4127984 75 185 136 238
car 0.7525723 8 181 123 258
car 0.99769837 268 180 438 274
