tvmonitor 0.0051871245 385 183 395 200
tvmonitor 0.006645066 364 176 378 190
tvmonitor 0.008282072 355 185 368 200
tvmonitor 0.008396337 392 183 403 200
tvmonitor 0.016096361 363 182 377 198
sofa 0.76570743 134 279 308 371
pottedplant 0.0059518726 371 170 389 197
pottedplant 0.0065447334 366 168 377 181
pottedplant 0.0072450945 375 184 387 199
pottedplant 0.007335525 383 155 396 174
pottedplant 0.008069273 355 185 368 200
pottedplant 0.008203945 385 175 394 191
pottedplant 0.00917387 98 252 120 289
pottedplant 0.011606765 376 167 385 182
pottedplant 0.013841088 374 175 386 190
pottedplant 0.015157071 385 183 395 200
pottedplant 0.016894897 392 183 403 200
pottedplant 0.027537491 383 164 394 181
pottedplant 0.03035326 362 172 380 197
pottedplant 0.033342555 381 157 397 187
pottedplant 0.1166458 364 176 378 190
person 0.010153887 46 255 121 298
dog 0.006025731 46 255 121 298
diningtable 0.06498532 376 199 406 260
diningtable 0.071719065 359 199 391 258
diningtable 0.09078454 348 196 407 245
chair 0.011499247 393 191 403 209
chair 0.01703057 375 184 387 199
chair 0.017210986 343 192 362 234
chair 0.018080063 390 184 405 219
chair 0.018360384 370 192 390 234
chair 0.032277204 385 183 395 200
chair 0.032745045 355 185 368 200
chair 0.033902943 319 203 364 238
chair 0.0372856 392 183 403 200
chair 0.041528564 353 185 372 221
chair 0.042290296 363 182 377 198
chair 0.04564903 380 192 401 234
chair 0.08985139 388 197 404 247
chair 0.109910704 358 193 379 232
chair 0.11696369 190 213 230 288
chair 0.12594886 354 192 372 250
chair 0.1602739 134 279 308 371
chair 0.5262043 376 199 406 260
chair 0.69953644 359 199 391 258
chair 0.72114223 275 200 319 262
cat 0.0078008124 46 255 121 298
