pottedplant 0.005878988 80 94 137 137
pottedplant 0.009545283 280 218 325 242
pottedplant 0.020481931 223 177 235 210
diningtable 0.012040481 185 209 257 268
diningtable 0.9209318 15 275 239 376
chair 0.007296071 4 314 47 376
chair 0.009773286 185 209 257 268
chair 0.012359998 75 281 254 375
chair 0.012793153 322 227 349 312
chair 0.0231196 0 279 27 376
chair 0.0418323 133 237 203 277
chair 0.04377837 230 229 288 356
chair 0.06108218 217 219 259 281
chair 0.1351507 173 304 267 373
chair 0.1456395 3 267 45 359
chair 0.19495969 0 257 44 301
chair 0.343146 225 225 286 285
bottle 0.025585324 223 177 235 210
