pottedplant 0.0056098225 257 4 284 44
pottedplant 0.0060192547 323 4 348 44
pottedplant 0.0070196283 214 2 289 48
pottedplant 0.0070744497 266 1 293 48
pottedplant 0.0094823195 351 1 375 44
pottedplant 0.01368858 178 4 226 41
pottedplant 0.016197376 239 1 370 90
pottedplant 0.019033289 139 4 223 52
pottedplant 0.021476898 75 11 278 181
pottedplant 0.027710896 214 3 249 42
pottedplant 0.032644656 9 4 358 496
pottedplant 0.48823845 319 0 375 58
pottedplant 0.80545014 264 0 325 51
chair 0.30455846 0 86 368 486
cat 0.010421648 9 4 358 496
car 0.0061310716 15 0 308 500
bicycle 0.33812773 15 0 308 500
