person 0.007945173 126 145 136 165
person 0.5227312 182 136 200 165
person 0.75514925 121 133 137 166
person 0.85264456 79 146 123 229
motorbike 0.0077317827 126 145 136 165
motorbike 0.011960437 177 142 210 168
motorbike 0.036518518 123 134 138 164
motorbike 0.08630489 182 136 200 165
motorbike 0.97985417 73 164 127 269
horse 0.009289944 123 134 138 164
horse 0.009745821 182 136 200 165
dog 0.00795491 182 136 200 165
dog 0.010226818 121 133 137 166
bicycle 0.0055067525 119 135 147 164
bicycle 0.014632203 126 145 136 165
bicycle 0.02188516 121 137 137 174
bicycle 0.026127907 178 137 208 165
