person 0.006265575 294 0 314 41
person 0.0066997823 479 22 499 219
person 0.0072399992 261 0 296 88
person 0.007255962 147 14 347 104
person 0.010480677 42 0 61 44
person 0.011581793 51 0 70 44
person 0.014716925 12 0 420 343
person 0.017016288 39 2 52 54
person 0.0786825 286 0 318 90
person 0.07912864 458 15 498 260
person 0.46558532 223 0 293 92
person 0.8482206 288 0 352 86
motorbike 0.0067643938 420 0 488 102
motorbike 0.0074684843 458 0 495 85
motorbike 0.009195427 455 0 500 219
motorbike 0.012122675 228 7 495 209
motorbike 0.017648155 284 20 355 96
motorbike 0.06142297 334 0 479 69
motorbike 0.99756944 9 0 478 375
car 0.0070069553 334 0 479 69
car 0.008211441 288 0 350 64
bottle 0.032644004 465 190 492 282
