sofa 0.0052563287 267 107 439 356
sofa 0.01223174 66 84 273 350
sofa 0.6489628 95 118 481 375
person 0.005851158 149 46 345 262
person 0.010083214 95 47 106 65
person 0.015960308 163 45 207 116
person 0.029160203 63 55 211 164
person 0.075905696 267 107 439 356
person 0.099777475 244 53 311 147
person 0.17859264 71 61 440 375
person 0.18791401 256 49 300 117
person 0.36511523 476 43 498 91
person 0.41662005 115 92 305 355
person 0.62880576 98 43 157 160
person 0.9935544 194 84 379 375
person 0.99714196 34 34 245 334
motorbike 0.005034945 48 118 465 375
chair 0.024208445 66 84 273 350
chair 0.040762406 267 107 439 356
chair 0.14484124 141 63 494 375
car 0.007088934 95 118 481 375
bottle 0.006703422 476 43 498 91
bottle 0.008135457 431 53 440 82
bottle 0.009160092 451 50 466 86
bottle 0.047681652 439 48 452 84
bottle 0.06944719 340 64 346 87
bottle 0.12208182 428 50 443 86
bottle 0.52564275 458 51 471 86
bottle 0.6202575 424 51 437 87
