tvmonitor 0.006635204 255 102 338 171
sofa 0.00679992 176 136 317 375
sofa 0.017818747 135 229 453 368
sofa 0.023989627 61 186 281 370
person 0.00531423 227 150 346 273
person 0.008906065 417 151 459 176
person 0.023510989 248 106 286 146
person 0.027603501 248 102 307 212
person 0.0639894 192 119 301 274
person 0.44389683 255 101 295 170
person 0.5176268 268 136 327 259
person 0.73806745 176 136 317 375
diningtable 0.23560421 135 229 453 368
chair 0.009834633 170 228 466 368
chair 0.020281741 139 153 301 375
chair 0.9678646 63 217 270 369
