tvmonitor 0.00724132 1 175 31 207
tvmonitor 0.007578316 50 103 112 157
tvmonitor 0.0089438055 155 75 202 103
tvmonitor 0.013873665 197 81 216 97
tvmonitor 0.014256257 136 77 167 103
tvmonitor 0.020313365 181 80 253 115
tvmonitor 0.024413932 187 79 228 100
tvmonitor 0.026633356 213 81 241 94
tvmonitor 0.027503204 156 83 244 129
tvmonitor 0.028662238 49 105 76 147
tvmonitor 0.031666923 39 110 85 185
tvmonitor 0.034928232 249 87 266 104
tvmonitor 0.035688095 0 127 28 162
tvmonitor 0.05787283 246 84 280 109
tvmonitor 0.058498174 1 115 44 187
tvmonitor 0.100855485 128 44 171 70
tvmonitor 0.17045513 145 80 216 117
tvmonitor 0.43251917 206 79 244 100
pottedplant 0.0068783527 1 231 21 270
pottedplant 0.02967549 0 224 12 276
person 0.009670864 444 130 491 281
person 0.0103348 418 125 454 217
person 0.011606869 427 136 444 154
person 0.020971688 442 111 469 143
person 0.031362083 423 131 447 161
person 0.1087013 381 88 412 182
person 0.13074543 435 107 469 165
person 0.17408524 438 113 471 229
person 0.25733292 377 173 446 279
person 0.3016652 412 145 462 270
person 0.88712 384 88 431 209
chair 0.014472505 39 110 85 185
