person 0.005436978 54 40 71 76
person 0.006114733 209 48 223 80
person 0.006471099 229 50 244 85
person 0.0073418827 64 39 79 77
person 0.0073644104 257 51 274 78
person 0.007521978 80 49 96 97
person 0.01117705 44 48 62 86
person 0.031728875 236 46 249 89
person 0.035882987 4 48 22 84
person 0.1285784 66 48 80 96
person 0.18781856 96 40 127 107
person 0.21658945 42 61 64 105
person 0.2425396 54 48 70 101
person 0.5707433 160 55 175 94
person 0.84546506 73 50 89 96
motorbike 0.0052899974 4 48 22 84
horse 0.0068704057 4 48 22 84
horse 0.008739577 160 55 175 94
cow 0.012323619 4 48 22 84
car 0.012130849 450 90 500 177
car 0.59235495 390 81 500 176
car 0.99996984 46 82 467 260
