tvmonitor 0.005580808 274 68 360 142
sofa 0.013300814 331 79 468 182
sofa 0.1478174 305 80 479 272
person 0.005806715 164 87 203 149
person 0.006310335 221 56 245 91
person 0.0068709096 256 83 412 314
person 0.008845958 333 81 423 273
person 0.012033776 194 90 203 112
person 0.014110338 89 123 348 313
person 0.014641978 48 104 159 214
person 0.03457464 354 83 427 193
person 0.18164892 293 80 440 176
person 0.18788476 202 66 245 136
person 0.19825055 89 91 137 150
person 0.2680522 85 90 189 182
person 0.39515924 279 68 358 165
person 0.8300909 124 80 193 158
person 0.9778326 54 100 218 326
person 0.9829973 227 70 284 153
person 0.99259853 314 91 475 322
diningtable 0.0078052916 277 74 361 157
diningtable 0.013082061 62 137 260 321
diningtable 0.01651612 196 216 323 329
diningtable 0.991979 134 146 363 324
chair 0.00696884 24 95 103 216
chair 0.008196036 122 94 195 166
chair 0.010519229 37 156 90 314
chair 0.011056522 334 80 419 149
chair 0.012148931 1 184 10 275
chair 0.012386638 4 57 63 221
chair 0.016160544 47 91 162 185
chair 0.016271468 331 79 468 182
chair 0.01704551 277 74 361 157
chair 0.019938601 0 88 12 308
chair 0.023528956 226 69 285 155
chair 0.070362166 305 80 479 272
chair 0.23017895 0 176 21 327
chair 0.33495647 214 219 338 330
chair 0.5387446 23 107 64 199
chair 0.88706315 49 175 201 327
chair 0.94514906 340 179 479 325
bottle 0.01971503 194 90 203 112
