train 0.020427788 327 135 374 169
car 0.005941955 287 149 301 156
car 0.0059650512 25 138 64 165
car 0.0070835985 276 149 292 156
car 0.00884737 41 144 67 162
car 0.009390024 228 147 245 159
car 0.011014504 216 145 232 161
car 0.011549139 246 147 263 157
car 0.011986208 237 148 253 159
car 0.017260494 31 135 105 172
car 0.018850345 303 148 317 158
car 0.018917486 0 135 13 171
car 0.021162642 207 140 227 167
car 0.02589183 117 141 136 164
car 0.055224072 297 147 311 156
car 0.50529057 0 171 52 257
car 0.65033346 40 138 80 164
car 0.8164489 143 132 180 163
car 0.9081107 182 135 216 167
car 0.9518992 2 137 41 164
car 0.9632421 88 137 131 164
bus 0.005701892 90 135 129 162
bus 0.028511012 332 116 373 170
bus 0.031380694 142 131 188 163
