tvmonitor 0.005023645 430 245 499 375
sofa 0.008206466 303 192 440 229
sofa 0.010900496 330 162 481 231
sofa 0.012858345 431 185 498 243
sofa 0.013400222 361 165 500 202
sofa 0.01599795 413 182 500 327
sofa 0.092434704 414 202 495 265
sofa 0.13672288 411 165 495 227
pottedplant 0.008860527 196 148 211 202
pottedplant 0.016427446 398 129 432 163
pottedplant 0.036462534 175 140 200 214
pottedplant 0.049614895 186 143 210 214
person 0.0072100456 196 148 211 202
person 0.008557068 35 87 99 144
person 0.010093733 45 97 151 356
person 0.17531534 116 122 140 150
person 0.9955668 191 138 307 364
diningtable 0.0060492386 430 245 499 375
chair 0.007978164 361 165 500 202
chair 0.018616289 414 202 495 265
chair 0.01969227 431 185 498 243
chair 0.020234862 430 245 499 375
chair 0.123283155 411 165 495 227
car 0.005607642 31 163 70 184
car 0.009178387 202 193 232 230
