tvmonitor 0.0050912714 148 153 171 191
tvmonitor 0.0075787003 170 156 188 189
tvmonitor 0.0076708365 175 159 196 185
tvmonitor 0.009594412 179 162 193 179
tvmonitor 0.07441913 379 138 400 168
tvmonitor 0.18228343 123 158 150 199
sofa 0.005114869 121 157 153 198
sofa 0.009277187 197 164 231 200
sofa 0.02490427 176 165 233 220
sofa 0.052245133 240 171 314 223
person 0.005426005 171 158 189 201
person 0.005909528 244 147 265 178
person 0.0073014284 120 155 155 200
person 0.01969669 244 159 285 187
person 0.02199525 226 173 302 222
person 0.03406868 253 168 295 192
person 0.040733915 237 164 316 200
person 0.08112365 176 165 233 220
person 0.13591678 172 166 202 222
diningtable 0.007809954 229 186 292 238
diningtable 0.010042202 240 171 314 223
diningtable 0.01713597 192 169 285 220
chair 0.0067419205 261 172 306 202
chair 0.006781491 201 165 244 200
chair 0.007113357 179 162 193 179
chair 0.007522059 381 162 415 199
chair 0.011798248 123 158 150 199
chair 0.012572774 174 184 230 227
chair 0.013096898 201 180 232 215
chair 0.013384137 237 174 291 201
chair 0.01372824 235 168 277 192
chair 0.015427447 171 158 189 201
chair 0.019678492 262 183 325 233
chair 0.020493517 198 161 232 187
chair 0.034156676 274 193 315 225
chair 0.043095052 118 180 153 246
chair 0.10762345 253 168 295 192
chair 0.14971046 172 166 202 222
chair 0.30678722 240 171 314 223
chair 0.32907504 332 162 422 276
chair 0.41830707 229 186 292 238
chair 0.7817588 191 164 235 218
