person 0.0100044925 201 220 214 260
person 0.011992967 126 223 135 238
person 0.0138872275 6 222 19 263
person 0.014906226 77 217 90 263
person 0.020167524 209 220 223 262
car 0.007717185 81 218 120 244
aeroplane 0.005997385 228 164 325 231
aeroplane 0.0066265357 71 212 134 264
aeroplane 0.0094334055 366 216 462 247
aeroplane 0.0122733805 1 156 111 246
aeroplane 0.031701483 7 174 179 258
aeroplane 0.16777071 393 222 461 241
aeroplane 0.17565589 0 183 72 252
aeroplane 0.35897535 84 168 250 256
aeroplane 0.9401871 113 151 394 244
