person 0.0050546764 326 193 390 242
person 0.0063872966 2 35 10 61
person 0.0078581665 257 254 273 302
person 0.007998955 369 190 386 230
person 0.008267144 294 159 311 207
person 0.011085659 5 36 22 74
person 0.011811083 351 197 371 241
person 0.01504622 304 165 320 213
person 0.016205423 1 33 12 78
person 0.025998924 16 34 32 74
person 0.028339392 299 136 336 217
person 0.028533058 323 160 339 219
person 0.036055677 355 187 387 237
person 0.1031833 39 28 55 79
person 0.12798911 361 180 383 221
motorbike 0.0060026157 353 183 388 219
car 0.008273964 353 183 388 219
car 0.7844514 209 132 346 206
