person 0.0065875086 133 128 146 146
person 0.0066249263 406 106 432 173
person 0.0071762125 156 129 165 153
person 0.013307296 266 240 306 299
person 0.036572978 54 135 70 168
person 0.038116958 152 122 168 152
person 0.083652735 140 128 154 157
person 0.10697838 160 122 170 150
person 0.18888532 323 116 344 171
person 0.3430515 129 129 147 159
person 0.39770204 383 104 408 181
person 0.8404596 416 109 444 166
person 0.8976924 352 113 372 177
person 0.92186415 91 111 144 249
car 0.30251595 238 204 493 373
boat 0.009231655 100 111 138 138
boat 0.032505885 105 88 138 149
boat 0.0768895 112 94 131 134
boat 0.8244231 243 174 495 372
bicycle 0.005478071 353 124 371 176
bicycle 0.011691976 324 128 344 176
