person 0.0056936205 194 148 231 182
person 0.0059425333 188 157 246 359
person 0.007460103 56 133 137 267
person 0.007788627 361 147 374 206
person 0.008398017 213 147 227 168
person 0.012411154 27 157 44 198
person 0.019666106 305 161 317 194
person 0.021032037 369 137 375 217
person 0.024490522 202 138 238 167
person 0.2980905 204 142 224 175
person 0.34801498 344 145 360 206
person 0.85332584 130 120 215 364
person 0.8812375 45 176 124 413
person 0.8907869 301 151 321 189
person 0.9804972 204 126 315 390
motorbike 0.09056111 302 158 321 191
horse 0.0071954182 302 158 321 191
dog 0.019126981 118 303 190 376
dog 0.02589158 125 316 251 408
dog 0.041761406 202 314 263 373
dog 0.7229518 208 327 254 416
dog 0.86973315 104 320 171 390
car 0.0059810663 47 161 65 173
car 0.006629272 85 137 230 285
car 0.007612286 8 154 73 202
car 0.008537887 27 157 44 198
car 0.018271003 40 141 161 261
car 0.032559004 281 144 316 191
car 0.04580191 63 152 89 183
bus 0.006588385 4 146 78 190
bus 0.016940655 279 145 319 175
bus 0.028944014 17 123 143 237
bottle 0.017817043 195 212 212 262
bicycle 0.018385623 302 158 321 191
