tvmonitor 0.0075099687 213 99 261 132
tvmonitor 0.014619914 220 128 236 147
tvmonitor 0.035688933 78 142 174 188
tvmonitor 0.060781796 218 125 251 150
train 0.006629935 0 152 473 276
sofa 0.0114719225 10 144 255 220
sofa 0.030298274 0 147 357 276
person 0.005960905 10 144 255 220
person 0.0066948244 0 93 461 281
dog 0.0074720727 401 235 436 269
diningtable 0.0060271765 43 138 83 170
diningtable 0.006081991 352 196 391 232
diningtable 0.0062650936 7 179 484 271
diningtable 0.0066203275 78 142 174 188
diningtable 0.012048142 7 215 484 281
diningtable 0.017598225 246 227 385 269
diningtable 0.32092983 0 221 500 278
chair 0.0057026846 370 208 407 237
chair 0.014885601 0 217 456 279
chair 0.015738176 10 144 255 220
chair 0.019614942 331 200 374 226
chair 0.025651932 381 229 443 271
chair 0.039608974 43 138 83 170
chair 0.04235532 69 148 90 178
chair 0.04819472 0 147 357 276
chair 0.10783509 250 162 336 214
chair 0.11892772 78 142 174 188
chair 0.19480179 401 235 436 269
chair 0.21456198 352 196 391 232
car 0.0076575037 0 152 473 276
car 0.009561985 41 135 83 159
boat 0.010967431 0 152 473 276
