person 0.0051216194 94 163 109 180
person 0.0056817867 0 140 4 167
person 0.0068407417 0 115 11 275
person 0.011716369 278 194 319 261
person 0.014982249 80 161 122 185
person 0.045085017 120 166 158 195
person 0.99260896 161 128 239 325
motorbike 0.0059405947 0 225 25 321
motorbike 0.006906895 120 166 158 195
motorbike 0.024946803 0 242 95 333
motorbike 0.030847307 84 174 170 249
motorbike 0.04229749 61 160 150 219
motorbike 0.20222056 213 198 493 333
car 0.0058640013 127 162 169 187
car 0.005903771 396 167 441 193
car 0.005924405 471 161 499 231
car 0.007215578 147 167 167 195
car 0.0073318044 0 225 25 321
car 0.008697977 443 170 490 195
car 0.009662486 111 159 170 200
car 0.010355049 441 164 498 220
car 0.011866731 105 181 171 247
car 0.013111793 0 270 85 333
car 0.015158672 66 158 187 240
car 0.015501805 0 140 4 167
car 0.033882983 88 136 112 148
car 0.04169099 406 161 495 202
car 0.052905295 453 174 499 206
car 0.060621783 323 159 479 248
car 0.1699836 58 159 151 205
car 0.4329601 388 160 500 270
car 0.83091027 314 159 434 192
car 0.9336715 217 172 498 333
bottle 0.00966843 0 270 85 333
boat 0.007003144 58 159 151 205
bicycle 0.009775429 120 166 158 195
