person 0.009927592 419 25 435 38
person 0.02149325 78 23 106 56
car 0.009441187 150 20 250 61
car 0.010238081 414 31 439 63
car 0.02025835 223 14 268 47
car 0.025124047 465 32 487 47
car 0.03256848 453 19 490 78
car 0.032696728 406 28 448 52
car 0.036556475 360 22 418 55
car 0.047133252 419 25 435 38
car 0.058832414 270 14 318 49
car 0.08692016 430 27 482 52
car 0.087736286 455 29 494 52
car 0.09619626 415 32 462 65
car 0.26357156 281 13 352 51
car 0.28145665 256 13 296 49
car 0.6992978 420 22 484 70
car 0.7587075 463 44 497 112
car 0.76056165 387 23 430 54
car 0.9207077 316 19 399 55
car 0.9966776 0 14 248 155
car 0.9998703 53 71 474 279
