tvmonitor 0.010695092 321 199 442 296
sofa 0.10909241 1 116 361 500
person 0.0051300637 60 80 70 96
person 0.008083192 385 135 417 158
person 0.023073949 338 132 424 194
person 0.042073973 349 124 386 158
person 0.398441 345 121 386 196
person 0.9090215 154 163 349 489
person 0.9936559 19 76 281 500
motorbike 0.008047093 0 116 244 500
dog 0.013322547 134 169 319 478
dog 0.053721193 175 186 252 341
cow 0.007221391 175 186 252 341
chair 0.009590755 175 186 252 341
chair 0.017918553 7 122 213 500
chair 0.063305326 323 236 442 494
chair 0.14210036 160 201 343 500
chair 0.21135317 58 119 372 500
cat 0.0079520065 225 230 265 331
cat 0.025804276 58 119 372 500
cat 0.074720755 175 186 252 341
cat 0.37559256 134 169 319 478
car 0.010113501 11 46 290 477
bottle 0.0050215363 60 80 70 96
bottle 0.0073312544 41 220 64 298
bottle 0.04072339 193 209 268 345
bottle 0.26446623 225 230 265 331
bird 0.012642082 175 186 252 341
