pottedplant 0.0070861913 222 196 290 242
pottedplant 0.007365839 252 210 274 228
pottedplant 0.009685754 250 237 297 258
pottedplant 0.013254627 141 180 176 258
pottedplant 0.0148500055 249 240 260 258
pottedplant 0.016661208 275 245 290 257
pottedplant 0.01992548 318 223 343 258
pottedplant 0.024500707 118 198 149 266
pottedplant 0.052836467 240 240 253 258
pottedplant 0.214306 245 205 281 231
pottedplant 0.34324047 121 232 156 266
pottedplant 0.8831695 121 177 168 264
person 0.01859563 322 212 352 298
person 0.9997429 42 188 85 294
chair 0.00501704 240 240 253 258
chair 0.005076565 46 196 83 296
