train 0.016165886 49 27 335 416
pottedplant 0.007190675 337 303 374 405
pottedplant 0.044583507 330 243 375 426
person 0.005141133 22 126 55 202
person 0.005645967 0 149 19 187
person 0.0062655564 5 118 115 244
person 0.009261678 19 135 39 163
person 0.012609104 85 151 111 287
person 0.013569193 76 132 93 165
person 0.01680948 64 132 97 232
person 0.021131992 22 139 35 156
person 0.02166646 10 104 117 376
person 0.039043427 90 140 116 229
person 0.040094964 65 130 88 164
person 0.072523154 9 132 42 232
person 0.094576225 96 142 115 172
person 0.13001046 55 136 104 308
person 0.9569331 12 131 78 307
person 0.9997012 34 23 342 500
horse 0.0074487603 0 29 299 484
chair 0.1320562 0 152 362 490
