train 0.20752077 81 308 306 371
sheep 0.021409474 23 378 197 486
pottedplant 0.0345743 23 378 197 486
person 0.0057414006 123 361 149 391
person 0.007046713 58 366 70 388
person 0.008093459 23 378 197 486
person 0.009235879 57 206 75 261
person 0.01078206 123 348 146 379
person 0.018129302 31 355 48 405
person 0.019951712 143 357 159 379
person 0.049655274 125 364 194 494
person 0.07362099 37 286 63 381
person 0.07751835 51 362 69 395
person 0.304611 215 383 244 430
person 0.48353562 128 355 158 382
person 0.5294079 14 360 46 434
motorbike 0.018502103 23 378 197 486
horse 0.0054454254 23 378 197 486
dog 0.061141185 23 378 197 486
cow 0.014094294 23 378 197 486
car 0.009862376 22 376 193 464
car 0.98233706 301 367 375 471
bus 0.31536764 81 308 306 371
boat 0.0066195424 81 308 306 371
bird 0.008172077 23 378 197 486
