tvmonitor 0.9996491 88 251 282 461
pottedplant 0.005467374 255 36 365 368
person 0.006275997 6 1 51 22
person 0.0082676755 111 0 175 128
person 0.009101642 21 0 100 61
person 0.014653362 12 3 45 9
person 0.01472018 25 5 67 85
person 0.02700108 2 0 56 11
person 0.034803 96 0 131 83
motorbike 0.0064152973 255 36 365 368
car 0.007245845 76 0 116 32
car 0.007596113 347 0 367 12
car 0.008606687 84 1 105 42
car 0.008659862 76 0 97 43
car 0.009305402 293 0 323 5
car 0.00946636 367 3 375 18
car 0.010863741 366 0 375 12
car 0.0124875475 82 0 158 37
car 0.016843025 21 0 100 61
car 0.017717352 334 0 357 11
car 0.03417479 262 0 333 9
car 0.035141777 312 0 339 8
car 0.06297913 309 0 365 12
car 0.08249936 354 0 375 21
car 0.15848921 116 0 197 103
car 0.27337268 334 0 375 17
car 0.3684178 96 0 180 62
car 0.54216623 92 0 134 66
car 0.93647325 257 32 367 310
car 0.9943271 135 0 323 181
boat 0.0063504637 51 159 199 234
bird 0.013835638 257 415 374 457
