tvmonitor 0.0051943543 4 74 357 427
sofa 0.010542013 22 0 196 97
pottedplant 0.0054455707 223 1 327 45
person 0.0070939185 95 3 218 47
person 0.05211047 66 0 306 62
person 0.0816234 22 0 196 97
person 0.9976346 26 141 273 437
diningtable 0.03855801 4 74 357 427
diningtable 0.29938447 0 312 249 500
chair 0.008507883 166 1 365 54
chair 0.009665832 223 1 327 45
chair 0.013658215 4 0 202 274
chair 0.019211099 66 0 306 62
chair 0.12758285 22 0 196 97
chair 0.12833603 4 74 357 427
car 0.0063805804 218 0 375 54
car 0.011128629 22 0 205 71
bottle 0.0051431004 282 0 375 51
bottle 0.011805571 223 1 327 45
