pottedplant 0.005937213 437 152 495 313
pottedplant 0.011421214 284 76 457 287
pottedplant 0.014569694 451 238 487 304
pottedplant 0.015963754 91 132 127 220
pottedplant 0.019660974 1 70 22 246
pottedplant 0.12587087 2 77 50 240
person 0.0053712022 256 7 271 50
person 0.008819717 247 68 320 137
person 0.01084387 210 75 350 221
person 0.014912295 300 8 325 51
person 0.019321842 169 2 184 55
person 0.044689406 270 0 300 53
person 0.3302461 282 0 317 55
person 0.83762926 260 60 335 184
horse 0.893555 210 75 350 221
bicycle 0.012003782 210 75 350 221
