bird 0.006695696 292 149 313 161
bird 0.00910671 311 90 328 103
bird 0.012381499 261 139 282 153
bird 0.017321046 313 66 338 94
aeroplane 0.016390169 320 140 336 156
aeroplane 0.026964493 297 117 328 141
aeroplane 0.02975723 311 132 330 147
aeroplane 0.03224935 297 124 334 153
aeroplane 0.053873688 300 107 321 135
aeroplane 0.057166398 303 113 318 128
aeroplane 0.06674875 308 76 333 103
aeroplane 0.0757832 304 122 321 138
aeroplane 0.0957181 257 137 279 160
aeroplane 0.10579065 297 112 314 125
aeroplane 0.16492964 292 145 334 167
aeroplane 0.17716368 306 89 327 111
aeroplane 0.2073253 292 149 313 161
aeroplane 0.25557125 248 119 265 133
aeroplane 0.3613982 320 69 338 85
aeroplane 0.41531196 274 118 289 129
aeroplane 0.41948295 305 136 337 159
aeroplane 0.4671244 261 139 282 153
aeroplane 0.7869714 313 66 338 94
aeroplane 0.8259843 311 90 328 103
