person 0.02749656 121 195 142 237
person 0.029489132 131 195 150 239
person 0.09510634 82 206 156 274
person 0.1330536 5 217 21 272
person 0.14722314 116 190 149 253
person 0.14826941 0 212 19 308
person 0.20798369 207 199 251 274
person 0.82338643 245 157 327 352
person 0.87700635 97 189 139 288
motorbike 0.057417978 77 227 160 303
car 0.006305756 91 194 151 254
bicycle 0.012334473 202 206 259 268
bicycle 0.04056065 93 218 140 299
bicycle 0.94980246 74 236 163 307
bicycle 0.9969295 173 225 325 368
