sheep 0.09437041 91 113 300 287
pottedplant 0.007572924 67 67 500 375
pottedplant 0.008846463 0 131 54 182
pottedplant 0.009991098 85 121 305 306
person 0.020398868 285 2 311 48
person 0.02187022 53 0 85 123
person 0.023012778 352 13 368 66
person 0.03019048 298 2 314 41
person 0.032590225 113 0 145 52
person 0.0408743 361 13 377 66
person 0.10036258 362 7 390 72
person 0.1046806 265 0 281 39
person 0.12860097 332 13 351 61
person 0.13320847 420 1 441 37
person 0.13425401 313 9 331 46
person 0.16635014 343 12 358 65
person 0.16853638 322 9 340 47
person 0.35405397 280 6 299 47
person 0.6731802 479 27 500 174
person 0.7492681 300 6 324 49
person 0.8227175 113 1 165 116
person 0.9319834 437 31 479 174
person 0.98662287 57 0 115 128
person 0.9933707 398 31 440 175
motorbike 0.0077368733 362 7 390 72
motorbike 0.015419192 66 117 289 286
horse 0.19796766 69 120 287 304
dog 0.09538776 66 117 289 286
cow 0.29914355 85 121 305 306
car 0.0052896873 436 12 500 68
car 0.008276699 412 3 489 52
car 0.010434139 372 11 407 75
car 0.02227689 466 17 500 45
