person 0.005219881 41 111 179 196
person 0.0068244785 451 15 486 65
person 0.02266811 456 10 480 44
person 0.0462447 92 52 166 188
person 0.7243808 102 53 225 202
person 0.9947569 256 46 405 225
motorbike 0.028408878 87 41 237 197
motorbike 0.97831637 49 104 218 201
motorbike 0.99598634 233 84 406 238
car 0.0070656566 120 31 211 82
car 0.00712883 60 64 218 202
car 0.007551933 29 48 166 124
car 0.008534757 73 75 111 109
car 0.008660951 190 37 296 88
car 0.010603498 74 64 125 87
car 0.023418043 47 60 124 106
car 0.032004748 12 57 83 109
car 0.0767727 98 6 325 84
car 0.20728658 100 36 236 155
bus 0.0055441535 134 0 436 62
bus 0.07826606 98 6 325 84
