person 0.0058198594 114 221 124 242
person 0.0072599216 244 242 260 259
person 0.007390283 125 221 136 241
person 0.00787792 133 219 147 261
person 0.00892778 234 240 274 262
person 0.0089934915 113 221 126 260
person 0.009386418 105 221 116 243
person 0.009509315 190 230 207 269
person 0.013026732 197 232 215 269
person 0.016317185 206 230 226 272
person 0.017337918 152 219 164 258
person 0.0224521 124 220 138 260
person 0.054847065 99 226 110 269
person 0.08051744 103 222 116 261
person 0.17947967 143 217 156 261
boat 0.0050170175 218 233 298 276
boat 0.0062736627 234 240 274 262
boat 0.007216026 414 208 458 233
boat 0.007427817 355 200 404 225
boat 0.008191477 324 218 357 247
boat 0.0086227115 311 224 352 255
boat 0.008830002 289 226 385 278
boat 0.010087873 251 174 475 350
boat 0.011113552 33 253 375 357
boat 0.011237869 339 192 415 241
boat 0.01386548 286 219 338 245
boat 0.014206469 379 202 418 225
boat 0.022293348 318 169 341 199
boat 0.028382903 259 203 395 325
boat 0.031596053 276 213 356 262
boat 0.037177935 47 176 314 288
boat 0.19232729 313 181 344 202
boat 0.6055159 359 215 500 323
boat 0.9941072 0 174 418 345
