person 0.007177052 441 191 499 251
person 0.007614316 287 186 315 279
person 0.010286043 440 207 456 259
person 0.0134835215 448 215 463 262
person 0.018368868 491 202 499 277
person 0.02625847 225 205 265 274
person 0.03842078 474 223 496 272
person 0.074622855 360 187 392 298
person 0.39814293 241 199 274 277
person 0.41187248 442 199 471 269
person 0.85142356 458 196 490 271
person 0.8972295 344 190 374 307
person 0.9453695 370 192 406 308
person 0.997192 405 185 444 312
car 0.0050501362 441 191 499 251
car 0.0072105164 488 182 499 200
car 0.0073540527 440 184 454 195
car 0.00764373 477 178 495 190
car 0.00797685 468 185 487 196
car 0.008898676 448 184 463 195
car 0.01050493 455 176 474 187
car 0.019290306 477 183 495 199
car 0.024664834 436 180 479 199
car 0.029981649 454 179 497 201
car 0.04958845 443 173 490 193
boat 0.007391733 436 180 479 199
boat 0.03050648 451 173 500 196
aeroplane 0.023259394 451 173 500 196
aeroplane 0.9976343 0 28 464 288
