sofa 0.017185181 4 32 186 375
sofa 0.02380711 370 0 495 375
person 0.006049667 228 86 260 183
person 0.008293924 99 35 152 205
person 0.010961512 235 80 269 152
person 0.012087597 242 76 262 119
person 0.025466217 329 10 491 367
person 0.058555555 231 72 255 106
person 0.7073655 227 72 261 134
person 0.7387256 314 82 387 314
person 0.9997897 5 0 180 375
motorbike 0.008296383 4 32 186 375
chair 0.008185688 4 32 186 375
chair 0.013880882 14 300 177 372
chair 0.01757229 111 237 235 370
chair 0.13708754 380 0 495 337
car 0.006665654 4 32 186 375
