sofa 0.025736274 23 95 329 474
sofa 0.07254339 46 235 249 466
person 0.8384682 68 130 276 439
dog 0.0064256624 8 448 216 498
dog 0.019949544 97 232 185 286
diningtable 0.0078703975 298 128 361 260
chair 0.0050165826 332 131 367 234
chair 0.0065747136 355 147 374 251
chair 0.98951495 297 113 362 258
chair 0.99359024 49 122 254 400
cat 0.009867642 53 187 246 457
cat 0.07555765 97 232 185 286
bottle 0.0050857393 132 473 191 499
bottle 0.005822154 152 202 193 234
bottle 0.005861497 344 89 355 133
bottle 0.0059274267 147 220 161 234
bottle 0.0070708566 253 110 269 147
bottle 0.007751834 104 475 247 499
bottle 0.008782682 133 214 175 237
