sheep 0.008584927 303 146 336 168
sheep 0.017335575 308 155 331 167
sheep 0.01967075 14 145 69 211
pottedplant 0.010399039 111 180 148 261
pottedplant 0.73474264 108 200 175 267
person 0.006696843 312 151 330 163
person 0.017261926 303 146 336 168
horse 0.013927351 14 145 69 211
horse 0.016720144 308 155 331 167
horse 0.052021243 303 146 336 168
dog 0.018599777 312 151 330 163
dog 0.15725331 303 151 334 169
dog 0.65447134 19 139 68 215
cow 0.015686389 19 139 68 215
cow 0.06648761 308 155 331 167
cow 0.13291502 303 146 336 168
cat 0.010280608 303 146 336 168
cat 0.19597071 14 145 69 211
bird 0.008095654 303 155 326 168
bird 0.013355562 312 151 330 163
bird 0.0238575 303 146 336 168
bicycle 0.013696683 308 155 331 167
bicycle 0.019093852 299 150 332 170
