sheep 0.056021005 5 15 207 294
person 0.005681768 294 70 445 279
person 0.006808957 360 65 421 125
person 0.018640133 377 63 403 105
person 0.032216247 321 91 360 132
person 0.04302467 5 15 207 294
person 0.0432108 352 71 387 125
person 0.17973469 349 84 375 119
person 0.27549666 342 85 378 142
person 0.46356937 350 95 468 321
person 0.5420052 412 105 487 319
person 0.75125515 355 78 435 236
person 0.9955682 264 93 400 330
horse 0.00620694 260 217 401 323
horse 0.035547215 261 121 400 287
cow 0.021052858 5 15 207 294
cat 0.080273084 5 15 207 294
car 0.007884678 7 9 210 268
