pottedplant 0.0059570777 430 103 443 150
pottedplant 0.01708733 403 107 418 160
person 0.005552254 460 0 486 100
person 0.0059137633 364 96 387 181
person 0.008441308 403 107 418 160
person 0.0087022055 334 100 345 167
person 0.009014281 482 0 499 131
person 0.00930776 380 105 395 163
person 0.010165447 328 99 339 167
person 0.012704596 346 95 371 182
person 0.013566749 493 18 499 118
car 0.0050506247 347 63 389 94
car 0.007963608 167 27 315 333
car 0.008276691 340 62 361 94
car 0.04566582 147 65 187 91
car 0.99930525 3 79 192 375
