bottle 0.029348701 1 180 21 327
bottle 0.03665742 419 6 475 157
bottle 0.04901818 69 0 114 88
bottle 0.33023104 373 23 429 143
bottle 0.37632197 16 6 71 153
bottle 0.7371239 118 9 170 149
bottle 0.90476966 66 7 121 156
bottle 0.9579623 415 186 466 319
bottle 0.9597482 168 186 213 316
bottle 0.9815621 172 10 216 152
bottle 0.98224187 117 176 167 325
bottle 0.9934656 215 192 266 319
bottle 0.99402034 325 13 373 152
bottle 0.99647945 71 189 118 317
bottle 0.9967238 271 12 319 148
bottle 0.9969277 319 187 367 325
bottle 0.9975179 268 181 311 316
bottle 0.9985085 19 186 69 316
bottle 0.9986934 222 8 270 149
bottle 0.9990292 369 182 420 326
