sofa 0.011236523 248 127 476 246
sofa 0.055912897 153 95 329 259
sofa 0.06941055 193 101 372 207
sofa 0.9005949 119 106 500 267
pottedplant 0.005516696 472 141 500 216
pottedplant 0.010635067 408 120 496 240
pottedplant 0.022432098 430 162 499 233
person 0.005816022 149 117 427 240
person 0.006951999 1 83 55 344
person 0.03976063 193 101 372 207
person 0.30465782 0 0 61 246
person 0.9067424 163 103 289 244
diningtable 0.018708393 18 219 343 375
chair 0.012934509 433 182 499 242
chair 0.030099036 165 104 307 243
