tvmonitor 0.0051525515 195 12 279 81
train 0.005267084 39 0 367 336
person 0.0077080666 23 4 177 311
person 0.19914071 260 77 466 376
person 0.9995077 32 0 304 367
motorbike 0.007560783 104 9 307 362
motorbike 0.043604944 0 211 368 367
motorbike 0.102144055 253 139 487 376
motorbike 0.98914754 5 72 412 376
car 0.005427141 295 20 381 55
car 0.006085817 277 37 313 55
car 0.006506597 197 21 274 91
car 0.008367504 292 39 312 52
car 0.008408295 275 35 293 48
car 0.010369841 302 34 323 49
car 0.012913592 0 16 7 81
car 0.020535992 286 39 303 52
car 0.05135745 39 0 367 336
car 0.07305009 285 30 322 52
car 0.08423798 327 23 375 50
car 0.9400109 1 22 52 75
bus 0.09483003 195 12 279 81
bicycle 0.0074766194 0 213 212 373
bicycle 0.06459325 0 142 359 374
bicycle 0.24637058 253 139 487 376
