pottedplant 0.00998626 437 233 495 399
person 0.010052782 176 265 223 334
person 0.022013048 41 91 128 201
person 0.023812981 277 262 376 391
person 0.024313213 337 22 488 329
person 0.026544731 290 40 390 180
person 0.026673013 119 46 210 195
person 0.027212782 205 255 285 346
person 0.18548214 372 9 492 180
person 0.27936262 6 102 56 178
person 0.2877779 215 45 308 201
person 0.3840294 7 99 94 196
person 0.5132982 182 261 306 400
person 0.5238931 305 305 355 394
person 0.6570389 147 269 224 377
person 0.70247525 274 43 396 301
person 0.805392 270 264 327 373
person 0.8060226 334 236 467 395
person 0.810572 154 38 238 181
person 0.83628213 85 48 165 198
person 0.99378705 23 233 162 396
