pottedplant 0.013069686 289 134 320 159
person 0.007886207 69 188 278 355
person 0.009548629 46 170 92 263
person 0.011858437 307 154 407 312
person 0.015656471 266 167 389 261
person 0.021201795 168 174 331 251
person 0.027955161 225 212 430 314
person 0.042767636 78 170 190 262
person 0.1740197 33 198 160 336
person 0.33840904 351 161 425 282
person 0.5725398 27 173 105 295
person 0.8980065 99 161 183 222
person 0.940413 252 159 319 246
person 0.95938224 305 151 365 252
person 0.96377164 201 142 265 245
diningtable 0.0062396983 76 226 172 283
diningtable 0.008166062 66 213 277 318
diningtable 0.01707128 225 212 430 314
diningtable 0.021840837 0 159 63 205
diningtable 0.94047374 103 221 466 374
chair 0.0051070773 78 170 190 262
chair 0.0052370154 0 218 23 326
chair 0.005353087 89 157 108 191
chair 0.006388247 147 293 351 375
chair 0.0063941204 252 164 317 252
chair 0.006934198 80 259 167 332
chair 0.008065092 458 231 498 312
chair 0.011225439 52 218 290 368
chair 0.011743144 92 161 172 224
chair 0.018592495 64 226 149 280
chair 0.022963896 0 163 23 270
chair 0.032865986 94 289 243 369
chair 0.08999212 25 182 104 323
chair 0.12215638 33 198 160 336
chair 0.17787819 417 199 464 300
chair 0.5320218 6 222 90 363
chair 0.936288 56 250 193 370
bottle 0.05304048 390 303 410 346
boat 0.005940568 0 159 63 205
bicycle 0.005601557 0 163 23 270
