tvmonitor 0.023921369 210 414 233 462
train 0.03949505 74 332 137 456
person 0.0071528098 299 328 320 465
person 0.009971302 285 296 301 420
person 0.012936387 265 376 287 493
person 0.061448414 300 365 325 500
person 0.06461908 285 338 304 490
chair 0.021520842 340 410 375 497
car 0.012730113 210 414 233 462
car 0.013996118 169 249 194 260
car 0.019020174 206 413 238 491
car 0.034785405 74 332 137 456
car 0.045236632 166 245 199 265
car 0.08593876 81 293 114 324
car 0.13010158 233 237 268 259
bus 0.010589186 74 332 137 456
bus 0.016758392 149 212 246 259
boat 0.0134891365 74 332 137 456
aeroplane 0.0057447148 1 77 124 418
aeroplane 0.15435655 148 203 244 247
