person 0.006271496 445 59 467 91
person 0.006319885 247 57 265 93
person 0.0075685703 305 60 320 90
person 0.009200259 195 63 218 96
person 0.01752922 187 72 209 99
person 0.018341726 264 51 285 88
person 0.026008971 338 60 360 88
person 0.02610671 205 63 225 95
person 0.027582807 323 61 334 89
person 0.039688885 253 57 276 92
person 0.061584 223 61 246 92
person 0.08325521 290 57 311 92
person 0.10901583 273 61 292 91
person 0.15424159 313 58 335 91
car 0.011424718 373 62 497 166
car 0.014456726 443 58 496 107
car 0.014746546 127 94 374 184
car 0.018248059 221 60 250 92
car 0.027567698 8 27 243 259
car 0.029564925 189 62 224 95
car 0.029926168 179 71 215 99
car 0.0354865 248 57 282 92
car 0.03926481 16 36 189 161
car 0.048726313 454 76 500 161
car 0.57187355 2 66 44 123
car 0.9997627 9 85 496 362
