train 0.0072747064 2 182 22 223
person 0.010108917 0 202 16 308
person 0.014770527 493 196 499 225
car 0.005061433 28 196 37 212
car 0.0051109656 0 208 7 232
car 0.009107322 479 183 496 221
car 0.020823568 493 190 499 216
car 0.03303169 27 203 38 221
car 0.03541267 490 178 500 226
car 0.11630387 25 203 42 238
bus 0.009032561 24 166 39 219
bus 0.010231629 479 183 496 221
bus 0.015535396 0 177 12 228
bus 0.017074686 478 160 496 209
bus 0.018395402 490 178 500 226
bus 0.01964917 33 139 65 247
bus 0.02983569 11 121 38 238
bus 0.032305412 24 195 40 230
bus 0.03284556 2 110 23 244
bus 0.035952065 37 82 159 298
bus 0.040221 2 182 22 223
bus 0.053146277 478 135 500 225
bus 0.10057778 30 128 102 259
bus 0.99993646 55 83 470 338
