sheep 0.02424519 342 75 484 273
sheep 0.19754902 168 220 332 363
sheep 0.92695355 244 134 359 252
person 0.045225028 12 90 44 144
person 0.9325377 80 133 180 403
horse 0.012547533 176 226 331 386
dog 0.010968746 176 226 331 386
dog 0.018868979 250 130 370 257
dog 0.03188863 352 85 474 257
cow 0.0062864684 389 136 476 280
cow 0.0096105905 352 106 440 270
cow 0.01782253 344 80 476 187
cow 0.17940906 250 130 370 257
cow 0.5661136 356 69 500 277
cow 0.9216242 170 211 336 399
boat 0.005828598 231 15 296 34
boat 0.0059215464 160 10 422 85
boat 0.013115047 198 5 323 38
