train 0.7598448 13 36 319 266
person 0.0066779675 212 169 265 209
person 0.00867029 211 170 225 200
person 0.011362996 207 165 235 207
person 0.013047728 225 169 244 201
person 0.014357574 319 171 334 197
person 0.025441246 204 166 221 202
person 0.030926934 258 170 310 208
person 0.03296226 274 172 304 198
person 0.15121761 248 171 264 198
person 0.40143818 327 169 347 219
person 0.71285015 227 171 255 245
car 0.005881609 1 189 35 207
car 0.005941187 0 183 9 216
car 0.007083497 3 181 76 225
car 0.020782774 2 173 94 258
car 0.022080569 1 188 18 209
car 0.04819579 0 178 218 289
