person 0.00734887 102 104 120 136
person 0.007860254 63 96 82 131
person 0.007869545 90 97 111 131
person 0.008172686 110 99 132 130
person 0.013528201 42 95 60 134
car 0.0063659 429 98 445 107
car 0.012703132 490 83 500 124
car 0.039143883 491 94 499 114
car 0.949436 417 95 491 134
bus 0.0056469743 1 72 22 197
bus 0.0068015074 215 70 308 125
bus 0.007731358 0 65 56 207
bus 0.012043907 206 54 375 142
bus 0.06601002 415 83 493 130
bus 0.8251596 295 59 423 148
bus 0.98238343 110 51 311 189
bus 0.9977389 2 49 183 215
