person 0.015221694 251 135 455 344
person 0.022016278 147 148 216 205
person 0.053314064 185 83 253 195
person 0.71037954 121 63 250 208
horse 0.99806225 233 148 437 352
dog 0.012419803 185 83 253 195
dog 0.061077807 251 135 455 344
car 0.012117449 188 72 226 98
car 0.01586678 123 21 201 69
car 0.027423391 94 62 162 133
car 0.030707473 59 34 208 133
car 0.124022536 137 23 283 118
car 0.86863375 107 59 259 172
car 0.99222165 0 32 127 138
car 0.99985254 269 25 500 166
bus 0.030408306 137 23 283 118
