pottedplant 0.0054233163 171 132 297 213
pottedplant 0.005460383 194 190 210 221
pottedplant 0.011950486 194 154 262 286
pottedplant 0.4407282 200 140 256 191
person 0.029119566 147 209 162 261
person 0.02956205 67 202 85 250
person 0.04089423 55 216 74 257
person 0.043583877 51 217 62 235
person 0.043801088 0 200 18 232
person 0.045740515 182 203 206 264
person 0.06628688 129 204 153 268
person 0.069956936 45 205 77 279
person 0.09772811 110 214 119 234
person 0.09882139 160 207 190 262
person 0.10101808 114 215 130 256
person 0.1033501 0 216 15 233
person 0.12853643 124 212 139 256
person 0.22655328 106 214 124 257
person 0.2670584 152 213 170 257
person 0.27216512 173 212 191 255
person 0.41030642 165 214 179 254
person 0.82244074 181 210 196 257
person 0.9637406 67 194 95 284
person 0.9953129 274 171 322 285
motorbike 0.03716771 7 227 78 295
chair 0.00500022 113 224 131 262
chair 0.0062857317 80 226 114 286
chair 0.0070022983 95 240 132 267
chair 0.009190078 97 237 110 254
chair 0.00989872 87 227 103 280
chair 0.016732771 94 226 114 263
chair 0.019965364 85 230 126 259
chair 0.02319593 104 224 125 263
chair 0.033550214 64 220 96 288
car 0.00697543 29 212 63 239
car 0.008951319 0 228 56 295
bicycle 0.0051425966 80 226 114 286
bicycle 0.0329592 41 232 115 285
bicycle 0.09695223 64 220 96 288
bicycle 0.2892 7 227 78 295
