tvmonitor 0.020958055 27 17 148 108
pottedplant 0.055932797 27 17 148 108
person 0.0050418833 0 120 58 437
person 0.015793694 387 160 499 433
diningtable 0.99301994 1 125 495 437
chair 0.005324683 0 93 28 437
chair 0.0061036805 381 358 500 437
chair 0.008638534 441 201 496 407
chair 0.009596296 0 105 60 423
chair 0.017641082 0 142 24 273
chair 0.025730208 0 354 115 437
chair 0.09460678 0 137 52 275
chair 0.41767806 389 222 500 437
bottle 0.009367215 155 42 181 111
bottle 0.014498752 459 96 496 160
bottle 0.017642751 492 92 499 162
bottle 0.025503628 392 93 409 123
bottle 0.058604214 191 56 208 99
bottle 0.35386264 168 56 191 103
