person 0.009125853 421 75 439 116
person 0.011698822 427 66 445 110
person 0.014180854 2 118 40 200
person 0.015173731 399 95 422 141
person 0.016244479 417 73 481 133
person 0.02077443 82 135 122 167
person 0.027110578 40 108 68 176
person 0.029825233 264 128 290 161
person 0.03234501 93 133 114 160
person 0.03856025 5 74 40 171
person 0.06665153 0 70 12 142
person 0.34747723 283 80 321 149
person 0.3563228 52 134 93 173
person 0.4899142 0 68 22 209
person 0.7692533 278 77 312 112
person 0.9571496 426 77 466 162
person 0.9801864 396 92 434 157
person 0.9892177 351 64 392 149
person 0.9920838 133 56 169 145
person 0.99935514 91 57 129 150
car 0.005009044 459 96 475 112
car 0.005762541 467 96 481 114
car 0.007851839 449 85 485 112
car 0.015242865 417 73 481 133
car 0.027215773 457 92 496 116
car 0.9999993 0 114 500 326
