tvmonitor 0.007126538 0 103 129 215
sofa 0.005432139 71 167 345 353
sofa 0.061407037 0 245 500 375
sofa 0.25653544 50 96 500 345
person 0.009122979 89 10 156 153
person 0.013560765 106 216 313 311
person 0.05449692 42 81 461 361
person 0.97494227 143 92 354 310
dog 0.0073687364 86 221 267 310
diningtable 0.029650368 0 103 129 215
chair 0.008244021 2 121 25 231
chair 0.010122689 0 245 500 375
chair 0.043818466 134 103 357 322
chair 0.38951984 50 96 500 345
car 0.0069324533 42 81 461 361
bottle 0.009509663 203 2 248 86
bottle 0.014216079 83 12 117 112
