person 0.0061109653 469 173 483 212
person 0.008235683 265 124 334 186
person 0.0145596545 238 40 267 113
person 0.018436821 371 181 394 208
person 0.020574758 216 42 242 113
person 0.46889192 228 28 253 105
car 0.005595793 488 171 500 215
car 0.006189628 491 182 499 202
car 0.006518098 449 201 460 219
car 0.0073441113 481 192 489 212
car 0.008978971 492 190 499 213
car 0.010463278 494 197 499 225
car 0.01870418 492 187 500 237
bus 0.0061688535 459 176 478 208
bus 0.0064392355 479 174 494 214
bus 0.007590237 479 123 497 229
bus 0.021833127 469 173 483 212
bus 0.046972174 459 132 486 216
bus 0.9999893 34 0 448 360
