boat 0.0070531964 119 161 197 177
boat 0.00877733 0 153 11 168
boat 0.009716487 348 157 375 164
boat 0.009800476 74 155 185 182
boat 0.010034085 337 156 364 164
boat 0.011300925 138 154 197 173
boat 0.012040838 198 113 229 169
boat 0.012449501 359 156 381 164
boat 0.012701971 336 155 383 165
boat 0.017187754 363 155 416 168
boat 0.018800234 91 152 151 171
boat 0.02002795 5 153 19 167
boat 0.022131262 49 118 225 170
boat 0.032176096 185 126 224 162
boat 0.04686519 92 161 169 178
boat 0.05012328 11 151 59 169
boat 0.052283835 34 155 57 165
boat 0.15428399 142 118 225 167
boat 0.40320268 292 143 350 165
boat 0.52730083 84 140 198 176
