person 0.008167343 1 199 53 334
person 0.009514992 194 1 373 95
person 0.018596558 295 0 376 55
person 0.019502403 0 77 30 313
person 0.035590254 1 117 19 273
person 0.037601274 0 144 51 284
person 0.22256996 0 189 31 284
person 0.9980028 50 15 352 334
motorbike 0.0059580687 300 7 343 68
motorbike 0.0093624825 241 1 415 96
motorbike 0.019107934 55 12 430 334
motorbike 0.13811147 295 0 376 55
boat 0.015797418 0 239 435 329
boat 0.023610728 11 44 351 333
bicycle 0.0050224527 60 204 358 309
bicycle 0.006187369 306 258 403 317
bicycle 0.006373278 347 3 438 47
bicycle 0.009685971 296 7 373 64
bicycle 0.010493123 241 1 415 96
bicycle 0.010965154 125 250 450 319
bicycle 0.022573879 11 44 351 333
bicycle 0.034410436 436 0 499 131
bicycle 0.66079277 0 242 382 331
bicycle 0.9108575 373 0 500 140
