person 0.005058331 404 94 435 158
person 0.005585561 62 50 80 86
person 0.0056797783 482 122 498 171
person 0.013586485 406 114 446 171
person 0.027988605 480 89 499 192
person 0.15943176 488 121 500 188
person 0.16288227 418 114 437 157
person 0.97834694 108 23 218 285
motorbike 0.00623968 342 122 415 174
motorbike 0.021810258 418 114 437 157
motorbike 0.059610073 201 200 444 348
motorbike 0.06944847 48 32 154 115
dog 0.008681183 418 114 437 157
chair 0.01168675 190 213 400 375
car 0.005184385 35 48 71 68
car 0.005906356 136 44 182 66
car 0.0075294706 43 52 60 64
car 0.014802632 17 54 28 65
car 0.027658103 36 52 51 65
car 0.040255785 48 32 154 115
bus 0.0053792796 48 32 154 115
boat 0.02253648 48 32 154 115
bicycle 0.006683636 258 209 464 323
bicycle 0.007470932 427 127 468 187
bicycle 0.02391923 366 136 412 169
bicycle 0.10570895 416 120 438 165
bicycle 0.31940976 400 116 461 174
bicycle 0.6986503 190 213 400 375
bicycle 0.86737645 345 125 410 177
