person 0.005381575 485 75 499 282
person 0.006474036 63 35 147 175
person 0.0075237523 408 54 444 156
person 0.007684635 349 35 412 168
person 0.008064782 187 22 224 54
person 0.008507041 358 43 401 124
person 0.010039312 445 82 498 313
person 0.010121637 178 15 217 45
person 0.011205246 297 67 424 295
person 0.015497324 482 42 500 197
person 0.015643954 148 23 216 178
person 0.016916381 234 17 281 74
person 0.18906428 387 50 441 188
person 0.30131254 357 41 434 278
person 0.3054877 48 23 152 283
person 0.9141652 440 47 499 194
person 0.99987745 118 36 357 368
diningtable 0.030412458 297 67 424 295
diningtable 0.05397823 263 96 406 202
diningtable 0.08438131 125 31 428 362
chair 0.007623795 0 204 25 342
chair 0.007806967 445 82 498 313
chair 0.008112851 485 103 498 293
chair 0.009623476 47 30 152 342
chair 0.24571487 1 205 88 348
chair 0.63587433 349 168 406 292
bottle 0.0064115655 301 75 308 102
bottle 0.015020936 348 85 355 112
bottle 0.026395084 283 68 289 101
bottle 0.033840425 303 76 316 116
bottle 0.03686869 328 81 339 128
bottle 0.09141672 345 85 356 126
bottle 0.3344868 300 76 310 117
