tvmonitor 0.40693966 127 399 185 470
pottedplant 0.0073446436 115 430 137 466
pottedplant 0.008344798 134 225 182 368
pottedplant 0.008501892 63 320 86 365
pottedplant 0.009439596 71 63 160 114
pottedplant 0.010180646 83 393 116 477
pottedplant 0.011590693 96 299 112 312
pottedplant 0.013062499 80 451 111 484
pottedplant 0.01783171 140 243 172 279
pottedplant 0.025523627 113 230 131 244
pottedplant 0.03542614 105 447 146 479
pottedplant 0.048905093 103 450 125 481
pottedplant 0.16875213 113 228 132 262
pottedplant 0.28894994 83 233 123 282
pottedplant 0.30445543 131 226 182 280
pottedplant 0.90746367 37 40 171 165
pottedplant 0.93931323 80 300 127 366
pottedplant 0.96484643 40 186 80 281
pottedplant 0.9778914 40 409 85 483
pottedplant 0.9801494 132 298 177 368
pottedplant 0.9885803 35 306 78 367
