tvmonitor 0.006334501 415 149 437 198
tvmonitor 0.007041205 66 286 204 367
tvmonitor 0.028276458 128 178 294 282
tvmonitor 0.029074214 399 147 432 208
tvmonitor 0.039848834 349 132 468 225
tvmonitor 0.110173896 446 151 467 193
tvmonitor 0.21039763 347 152 409 216
tvmonitor 0.3704565 411 142 451 205
tvmonitor 0.802948 90 180 207 276
person 0.005228604 478 131 492 178
person 0.014654867 114 171 200 292
person 0.023586264 472 129 485 180
person 0.998875 146 136 351 371
diningtable 0.0072761066 420 201 491 313
diningtable 0.0095759975 328 206 488 375
chair 0.005672204 415 214 494 369
chair 0.010322162 374 210 447 263
chair 0.011012393 165 291 346 368
chair 0.014447602 391 211 434 298
chair 0.01656313 476 188 498 321
chair 0.016911333 432 209 476 300
chair 0.020285668 397 205 474 312
chair 0.057705164 336 247 409 367
chair 0.120078966 443 195 496 318
chair 0.12788104 142 206 358 375
chair 0.42003608 350 212 432 335
chair 0.8298664 342 220 476 375
bottle 0.006865359 483 151 489 178
bottle 0.009565918 156 229 179 270
bottle 0.010749688 475 150 481 178
bottle 0.012934753 490 128 499 182
bottle 0.013747031 478 131 492 178
bottle 0.018204197 493 146 497 182
bottle 0.03162167 472 129 485 180
