train 0.007752879 4 236 187 309
train 0.015952002 0 174 283 262
train 0.052075446 9 265 185 340
train 0.16128902 46 270 131 314
person 0.0072970875 83 312 96 323
person 0.01344675 30 327 41 341
boat 0.014613375 38 262 141 302
aeroplane 0.0058534835 350 160 390 182
aeroplane 0.006200638 303 168 321 180
aeroplane 0.008307096 300 175 311 186
aeroplane 0.008859455 363 166 379 180
aeroplane 0.013058337 0 148 230 301
aeroplane 0.025105152 248 155 299 174
aeroplane 0.02830248 304 176 319 185
aeroplane 0.03068678 290 156 337 176
aeroplane 0.030804262 316 160 365 185
aeroplane 0.04469646 123 156 365 236
aeroplane 0.045173813 288 154 380 193
aeroplane 0.109043874 297 160 347 183
aeroplane 0.14888789 429 142 500 200
aeroplane 0.23970859 57 167 500 352
aeroplane 0.4411409 365 148 465 195
aeroplane 0.94606394 38 172 302 256
