person 0.006752836 0 165 8 236
car 0.005054521 0 113 6 175
car 0.0056105834 1 113 94 176
car 0.0060690045 404 161 452 190
car 0.0068172053 0 164 9 222
car 0.0072359527 134 144 230 208
car 0.007851893 494 154 500 229
car 0.008780674 0 125 9 200
car 0.008915516 387 144 476 186
car 0.009080996 389 164 409 205
car 0.011977065 120 136 210 185
car 0.015531043 56 121 103 195
car 0.028774796 406 171 448 209
car 0.032997414 390 173 427 207
car 0.15903373 109 115 249 198
car 0.19986114 0 129 103 215
car 0.64963067 397 158 466 206
car 0.99564475 450 160 500 223
car 0.99712396 128 115 399 271
bus 0.013757418 109 115 249 198
