sofa 0.009951458 111 47 368 192
person 0.0052105715 53 4 119 94
dog 0.020845743 259 22 340 90
dog 0.032628596 217 27 303 82
dog 0.040719256 232 38 343 143
dog 0.87897485 113 63 323 174
diningtable 0.054781824 30 11 148 99
chair 0.0053652436 343 11 453 90
chair 0.0064411326 23 3 69 85
chair 0.0066411896 55 6 207 97
chair 0.008093723 152 48 336 154
chair 0.010281536 436 29 498 88
chair 0.014265837 331 23 382 87
chair 0.048930917 256 15 343 148
chair 0.13121262 372 11 420 100
chair 0.15889274 290 7 341 85
chair 0.7175256 133 6 201 75
chair 0.72028583 49 18 123 93
