person 0.03870038 448 171 481 227
car 0.00749246 487 163 499 200
car 0.008666667 492 177 499 198
car 0.00916516 476 157 499 187
car 0.011331949 471 175 484 189
car 0.0115651125 221 166 231 175
car 0.01676678 454 175 473 189
car 0.01945864 490 171 498 190
car 0.020833312 157 168 176 180
car 0.022445094 447 173 469 186
car 0.022832591 429 173 447 183
car 0.023526318 437 174 454 184
car 0.02976808 189 163 222 180
car 0.035914425 208 166 222 178
car 0.04229422 454 173 474 207
car 0.06793479 446 176 484 200
car 0.09475378 475 170 499 194
car 0.13866806 199 168 217 180
car 0.35460123 439 171 477 192
car 0.97329175 304 185 404 245
car 0.9894104 2 163 123 260
bus 0.005036874 476 157 499 187
bus 0.009075254 9 164 147 254
bus 0.99739474 220 95 352 214
