person 0.0073738825 310 240 317 267
person 0.010122778 20 263 39 322
person 0.014507628 317 212 334 345
person 0.018693598 81 233 93 275
person 0.027949955 294 241 302 263
person 0.029856715 303 241 311 265
person 0.03420477 147 218 173 334
person 0.047509473 107 181 173 338
person 0.09016217 231 226 248 303
person 0.21920243 13 223 39 327
person 0.30331516 217 235 246 305
person 0.4156653 241 231 267 302
person 0.87002736 208 231 234 303
person 0.89597 255 231 278 303
person 0.9415175 26 215 56 312
person 0.9642054 74 181 175 492
person 0.9675534 0 218 20 329
person 0.9863534 45 216 72 307
person 0.99658936 164 219 191 334
horse 0.0070838383 71 185 183 308
bird 0.018816343 156 75 197 139
bird 0.9334552 111 77 202 141
