train 0.08906899 143 272 180 302
person 0.008945043 171 288 182 302
person 0.009041751 449 291 457 315
person 0.016381456 418 291 437 317
person 0.018429358 255 278 263 298
person 0.33193266 258 277 267 301
motorbike 0.014604456 257 284 267 302
car 0.0053673466 163 289 177 303
car 0.005405534 150 288 166 302
car 0.0057239193 171 282 182 296
car 0.005928891 1 274 31 303
car 0.009799515 105 287 117 300
car 0.010229844 113 289 128 299
car 0.014994849 171 288 182 302
car 0.02004294 310 288 342 321
car 0.023440983 360 287 379 319
car 0.026826648 194 284 213 295
car 0.044923767 48 289 73 300
car 0.06208482 337 281 382 314
car 0.06500287 72 284 107 302
car 0.07679591 144 272 185 302
car 0.13610269 74 287 94 300
car 0.5595074 308 283 376 323
car 0.89714783 183 284 213 301
car 0.95609474 33 284 71 302
bus 0.0065702144 183 283 213 299
bus 0.006656943 31 281 74 301
bus 0.12672241 311 283 386 321
bus 0.43907005 143 272 180 302
bicycle 0.04299587 257 284 267 302
