sofa 0.008157147 0 59 309 367
sheep 0.02534304 179 36 201 59
sheep 0.025564628 423 38 454 59
sheep 0.030676957 381 46 402 74
sheep 0.1504255 148 57 189 105
person 0.9901884 1 2 335 372
horse 0.024339423 423 38 454 59
horse 0.025684228 179 36 201 59
horse 0.03109736 381 46 402 74
horse 0.15355003 276 40 308 70
dog 0.005610624 381 46 402 74
dog 0.008813325 173 37 204 59
dog 0.009643194 148 57 189 105
cow 0.010402631 410 177 499 250
cow 0.05304531 11 0 391 348
cow 0.09678809 148 57 189 105
cow 0.10085358 173 37 204 59
cow 0.4182703 423 38 454 59
cow 0.48685944 381 46 402 74
cow 0.7842972 276 40 308 70
cow 0.9769094 362 176 500 343
cow 0.9872144 326 70 457 282
boat 0.008968109 3 49 330 374
