person 0.006569893 0 13 11 66
person 0.0076755662 100 10 118 48
person 0.008556284 363 19 376 39
person 0.009411078 62 15 80 63
person 0.012527274 348 17 408 73
person 0.016084068 82 10 99 62
person 0.024809238 0 14 24 71
person 0.02519887 362 19 378 59
person 0.027118811 389 18 407 77
person 0.03766491 435 28 479 99
person 0.038806256 90 33 123 96
person 0.04434582 99 50 127 88
person 0.04877304 372 18 389 74
person 0.04950164 35 10 59 72
person 0.050945144 15 15 32 66
person 0.08414561 0 31 10 83
person 0.43175393 54 11 68 68
person 0.48262948 25 17 41 73
person 0.9536602 371 9 401 85
person 0.9564834 404 11 437 109
motorbike 0.013106825 0 31 10 83
car 0.0063119167 93 21 190 60
car 0.006581337 438 3 499 52
car 0.006981093 492 17 500 78
car 0.007338654 386 2 495 92
car 0.007900694 467 31 499 64
car 0.00803271 421 16 490 76
car 0.008242701 219 5 338 46
car 0.008390548 221 20 339 64
car 0.010564132 443 31 490 64
car 0.011242366 476 4 498 36
car 0.015492697 127 16 173 39
car 0.015664304 439 17 475 43
car 0.028850092 473 20 499 107
car 0.05050045 453 24 498 54
car 0.05463976 348 17 408 73
car 0.064568445 2 15 25 62
car 0.12956274 0 22 11 76
car 0.60323447 432 28 500 100
car 0.80382735 209 5 379 91
car 0.9999089 42 21 480 342
bicycle 0.0061845393 0 31 10 83
