person 0.007952671 432 111 478 233
person 0.008026894 127 107 145 142
person 0.0092967935 326 132 358 197
person 0.009780293 273 115 339 185
person 0.010703965 275 134 338 244
person 0.010965334 121 107 157 194
person 0.015520657 304 127 338 201
person 0.02618798 303 152 333 252
person 0.028780647 468 100 480 172
person 0.035430137 300 104 334 163
person 0.035973143 165 209 180 250
person 0.051963247 0 100 26 169
person 0.060977448 130 102 152 132
person 0.12696843 427 162 467 240
person 0.17112572 291 157 322 250
person 0.77364814 291 102 323 199
person 0.86942023 456 106 480 196
person 0.96139723 341 113 373 194
person 0.9966827 78 79 120 212
person 0.99931157 213 88 252 198
horse 0.013955445 291 157 322 250
horse 0.02513505 426 162 456 239
horse 0.029452268 456 130 479 237
horse 0.05020987 275 134 338 244
horse 0.14199759 0 109 27 183
horse 0.58697665 427 138 479 241
horse 0.907166 300 132 422 243
horse 0.995228 42 127 193 259
horse 0.9956806 178 124 311 254
cow 0.032767802 0 109 27 183
car 0.014003844 314 103 361 130
car 0.019383242 300 99 380 136
