person 0.005172441 40 201 184 302
person 0.0055067562 227 190 255 315
person 0.0063829846 243 183 277 300
person 0.0064856787 33 177 66 249
person 0.008954902 186 198 309 319
person 0.008994554 325 190 470 289
person 0.010117541 161 168 171 197
person 0.016570447 81 161 101 206
person 0.017935276 40 181 65 222
person 0.021969568 89 164 112 202
person 0.02210322 54 164 76 207
person 0.025344416 315 209 391 260
person 0.04332377 81 164 117 226
person 0.09900916 187 157 209 194
person 0.110455036 52 168 84 224
person 0.19228473 158 157 174 195
person 0.19395939 71 162 102 225
person 0.99687195 249 181 294 333
person 0.9977417 197 176 249 328
motorbike 0.042626772 186 198 309 319
motorbike 0.9787976 303 210 478 309
motorbike 0.9904762 49 199 211 306
cow 0.0064213867 47 188 209 293
car 0.0060201185 493 208 500 291
car 0.010980982 435 225 496 275
car 0.012951858 325 190 470 289
car 0.026549028 186 198 309 319
