sheep 0.009770384 0 132 45 300
horse 0.01273014 0 142 45 321
dog 0.009591588 0 142 45 321
cow 0.0107721165 1 152 25 313
cow 0.011297974 240 81 416 162
cow 0.0115313055 224 111 354 191
cow 0.01287324 306 87 490 153
cow 0.01291236 288 115 381 161
cow 0.014115296 2 109 79 251
cow 0.014877969 217 139 347 239
cow 0.014928049 374 100 488 136
cow 0.040733423 312 105 440 144
cow 0.0475025 303 212 378 263
cow 0.05716955 275 105 460 193
cow 0.10795752 254 120 342 164
cow 0.9180703 0 132 45 300
cow 0.98847955 188 133 327 375
cow 0.9981703 78 104 250 216
cow 0.9986023 296 116 498 269
