person 0.0059402627 181 99 230 127
person 0.007173978 155 106 179 139
person 0.007913677 185 88 225 118
car 0.03398859 167 0 188 14
car 0.035282683 217 0 232 17
car 0.046045862 477 37 498 74
car 0.055553686 159 131 249 177
car 0.06343258 69 1 116 27
car 0.09388267 155 115 246 159
car 0.16201882 168 0 209 19
car 0.25368065 31 0 102 38
car 0.3730415 43 7 82 41
car 0.41483504 478 16 499 57
car 0.55441093 155 92 243 139
car 0.57623863 339 115 444 200
car 0.7467333 183 0 230 21
car 0.92284167 310 11 350 42
car 0.9644672 293 63 378 122
car 0.9692316 395 1 436 29
car 0.98462003 233 31 301 96
car 0.98800236 108 59 181 113
car 0.9891183 151 143 298 235
car 0.9922954 431 43 495 114
bus 0.0074103964 31 0 102 38
bus 0.0076387045 39 0 126 27
bus 0.013058065 310 11 350 42
bus 0.01665296 478 16 499 57
