person 0.0053714565 83 0 253 60
diningtable 0.00887067 49 49 300 215
diningtable 0.8699011 15 91 323 492
bottle 0.006185169 287 3 330 87
bottle 0.00850114 86 3 124 27
bottle 0.008636021 134 28 154 60
bottle 0.009087527 143 13 181 38
bottle 0.010172477 191 15 214 49
bottle 0.016334558 219 19 241 48
bottle 0.016564967 129 6 221 48
bottle 0.020908616 182 12 220 39
bottle 0.034370624 223 1 256 58
bottle 0.03708392 100 8 126 63
bottle 0.05344661 237 0 271 67
bottle 0.5944026 20 200 86 397
bottle 0.7645601 252 0 292 89
bottle 0.96559346 100 7 128 121
