person 0.010912835 16 84 425 375
person 0.014580583 62 57 209 179
person 0.01706245 347 35 406 161
person 0.052346125 370 53 409 148
person 0.05272941 323 0 397 132
person 0.7551135 201 13 303 156
person 0.9983411 367 47 498 325
person 0.9996372 0 42 201 351
diningtable 0.0068752016 182 107 393 184
diningtable 0.92110956 30 136 472 375
chair 0.0062704836 1 206 60 375
chair 0.029006425 323 0 397 132
bottle 0.0053792233 345 103 369 176
bottle 0.005900699 15 54 32 98
bottle 0.0063280966 333 94 345 156
bottle 0.010731523 358 118 382 191
bottle 0.01618574 325 101 340 168
bottle 0.017470669 275 124 291 183
bottle 0.019528823 136 41 179 75
bottle 0.020158209 133 45 151 73
bottle 0.03100169 327 94 350 178
bottle 0.031841163 165 317 206 372
bottle 0.21771577 139 42 159 72
bottle 0.42118064 349 236 383 311
bottle 0.5029147 360 119 373 170
bottle 0.6743204 96 284 129 355
bottle 0.89983106 286 213 327 327
bottle 0.9534558 252 113 279 192
