person 0.005734767 94 116 246 253
person 0.011872533 394 26 498 375
person 0.014467658 159 197 445 375
person 0.014897716 447 87 500 375
person 0.016656414 395 76 465 157
person 0.017760705 66 111 107 166
person 0.021413125 117 86 237 204
person 0.030711833 14 290 159 374
person 0.040011216 341 49 473 306
person 0.07534743 270 91 315 161
person 0.09907209 3 275 83 375
person 0.23678184 241 94 315 184
person 0.40861177 438 55 498 261
person 0.5558911 268 60 395 219
person 0.6384409 388 66 469 249
person 0.7534683 182 100 258 183
person 0.9794262 52 78 219 320
diningtable 0.7316182 162 190 474 363
chair 0.007786262 181 118 260 185
