person 0.006669619 56 204 82 281
person 0.00782827 186 229 202 268
person 0.009193746 186 209 212 266
person 0.011467142 191 98 200 113
person 0.012407927 339 200 460 302
person 0.028641324 356 188 386 250
person 0.03102862 465 201 492 278
person 0.051559057 180 214 196 264
person 0.06396082 383 202 417 304
person 0.167859 413 204 447 301
person 0.69802356 473 198 500 301
person 0.7352579 354 195 390 306
person 0.73877853 50 215 79 325
person 0.796895 398 187 431 289
car 0.005704261 339 200 460 302
aeroplane 0.99995935 18 15 476 298
