train 0.056686103 187 65 356 256
pottedplant 0.01177774 328 185 338 201
person 0.00540818 273 128 290 158
person 0.006128029 454 241 483 276
person 0.007141645 464 248 483 286
person 0.008563884 239 130 255 159
person 0.0089497985 21 178 31 241
person 0.010814313 263 135 284 165
person 0.012153157 420 228 491 278
person 0.014457846 26 187 41 232
person 0.017195495 36 191 48 231
person 0.02083741 164 166 177 213
person 0.047431715 449 238 490 303
person 0.11573387 170 163 183 216
person 0.13476491 256 126 290 161
person 0.1442043 244 130 263 159
person 0.8021713 387 243 496 335
car 0.0055793296 411 181 449 245
car 0.006299298 387 183 398 202
car 0.033803094 440 198 494 267
car 0.052566223 433 227 497 281
car 0.085856535 394 182 438 236
car 0.26801622 387 243 496 335
car 0.3239633 385 178 479 229
car 0.82523465 409 187 500 248
bus 0.005949513 393 179 500 253
bus 0.969951 175 70 331 254
boat 0.03328147 178 44 331 241
