person 0.0050626067 148 302 160 324
person 0.0061009345 98 287 113 318
person 0.015462133 81 280 92 322
person 0.032639984 156 298 187 327
person 0.04364287 168 300 179 325
person 0.1814099 134 289 148 322
person 0.30227593 152 296 167 329
person 0.5649591 217 303 235 341
person 0.78830147 170 297 184 330
person 0.8314706 193 296 206 333
motorbike 0.008535817 171 301 185 337
motorbike 0.012999151 152 296 167 329
motorbike 0.014355057 192 297 206 343
motorbike 0.025053702 135 292 149 328
horse 0.011780487 166 295 182 330
horse 0.014042914 152 296 167 329
horse 0.018788228 135 292 149 328
horse 0.029800279 192 297 206 343
horse 0.08921991 217 303 235 341
dog 0.091789156 217 303 235 341
cow 0.0051646763 192 297 206 343
cow 0.048467696 217 303 235 341
bicycle 0.0050503225 146 308 179 333
bicycle 0.0065018083 135 298 169 326
bicycle 0.010051908 156 298 187 327
bicycle 0.01263046 146 295 163 330
bicycle 0.027412714 151 304 168 335
bicycle 0.03237939 171 301 185 337
bicycle 0.045024976 218 309 235 348
bicycle 0.05554514 192 297 206 343
bicycle 0.07736658 135 292 149 328
