pottedplant 0.0054002167 430 204 449 326
pottedplant 0.009868366 33 180 111 243
pottedplant 0.010344032 222 37 280 251
pottedplant 0.027760437 399 195 449 334
pottedplant 0.037090518 158 186 235 302
pottedplant 0.06151219 9 6 115 260
pottedplant 0.43069193 331 175 438 309
pottedplant 0.8663167 151 22 244 310
pottedplant 0.94939303 40 0 189 274
pottedplant 0.9865831 246 44 363 302
person 0.007862949 249 61 356 316
diningtable 0.01978695 0 227 167 331
car 0.00945856 0 206 179 338
car 0.034634084 4 231 122 329
