person 0.0052170064 199 196 210 214
person 0.0052485215 82 183 103 221
person 0.005734837 182 188 217 243
person 0.008206086 206 195 225 229
person 0.008375976 195 194 203 214
person 0.008538093 83 206 270 335
person 0.03014202 194 200 205 220
person 0.0828656 272 197 287 225
person 0.09491435 196 197 214 225
person 0.98130804 142 162 212 342
motorbike 0.0052185124 218 199 265 268
motorbike 0.005227282 46 182 145 264
motorbike 0.005798883 142 177 215 359
motorbike 0.0073946156 65 210 142 335
motorbike 0.020362789 53 186 119 241
motorbike 0.021860689 92 197 126 229
motorbike 0.0924431 207 194 275 241
motorbike 0.9980903 64 194 288 344
car 0.06169521 230 201 280 226
car 0.083299674 207 194 275 241
bicycle 0.0068159695 207 194 275 241
bicycle 0.0070681786 272 197 287 225
bicycle 0.0074073556 75 188 134 239
bicycle 0.009122892 53 173 122 230
bicycle 0.022024628 94 204 125 233
