train 0.014399956 0 127 57 265
train 0.252527 0 139 50 209
train 0.9730419 6 125 181 304
pottedplant 0.0053327996 295 175 310 212
pottedplant 0.0073506576 416 313 439 356
pottedplant 0.009171506 257 170 273 197
pottedplant 0.010254787 269 180 277 202
pottedplant 0.010961969 289 183 299 201
pottedplant 0.011508081 397 312 442 346
pottedplant 0.013423524 268 176 276 192
pottedplant 0.014037264 268 173 278 210
pottedplant 0.018075261 230 174 239 188
pottedplant 0.024263432 242 174 249 190
pottedplant 0.037372712 251 175 259 191
pottedplant 0.093877666 259 177 269 190
person 0.008399593 230 174 239 188
person 0.01098334 295 175 310 212
person 0.012539369 242 174 249 190
person 0.021442039 269 180 277 202
person 0.029096117 268 173 278 210
boat 0.010573788 384 256 433 284
