tvmonitor 0.037174463 321 163 490 361
sofa 0.0063965605 222 0 269 28
sofa 0.013348106 293 0 333 26
sofa 0.98923755 17 8 489 375
diningtable 0.0050530564 293 0 333 26
diningtable 0.038898557 321 163 490 361
chair 0.005960445 150 7 205 30
chair 0.01047913 28 48 409 375
chair 0.010576436 276 0 362 32
chair 0.012091321 197 3 240 30
chair 0.024502661 309 0 353 25
chair 0.048174415 321 163 490 361
chair 0.07645768 198 1 284 32
chair 0.09521856 228 3 278 28
chair 0.15058151 293 0 333 26
chair 0.2561176 213 0 260 28
