person 0.008757766 311 4 421 90
person 0.009390602 4 0 23 34
person 0.010404148 60 87 374 253
person 0.012104229 0 12 24 108
person 0.0123222675 490 0 500 42
person 0.016067129 474 0 496 90
person 0.016787218 0 16 9 75
person 0.022729369 465 0 486 34
person 0.03404227 455 0 492 81
person 0.034340825 6 0 82 46
person 0.047947142 178 7 257 70
person 0.050943892 195 0 235 83
person 0.06278047 2 9 112 111
person 0.09365849 64 12 101 109
person 0.16797815 163 22 204 99
person 0.19496126 184 12 225 104
person 0.25405154 376 0 415 97
person 0.60110587 127 26 199 101
person 0.81083804 354 0 396 99
person 0.9995073 187 18 368 242
motorbike 0.0051367525 163 36 207 107
motorbike 0.0056924983 0 12 24 108
motorbike 0.006836272 429 5 480 81
motorbike 0.0070952713 29 1 152 98
motorbike 0.007804738 0 35 47 119
motorbike 0.008860158 311 4 421 90
motorbike 0.0100115705 388 15 428 94
motorbike 0.01215244 51 8 113 115
motorbike 0.014351346 455 0 492 81
motorbike 0.02340012 0 55 25 133
motorbike 0.023540491 415 0 490 48
motorbike 0.119780146 128 36 198 110
motorbike 0.46591222 1 30 108 126
motorbike 0.8321036 411 3 499 107
motorbike 0.9696863 60 87 374 253
car 0.0050332095 220 11 297 58
car 0.0052452274 202 0 279 43
car 0.005278801 2 9 112 111
car 0.008645011 136 2 180 31
car 0.008820085 280 9 354 70
car 0.009255209 6 0 82 46
car 0.010075101 116 11 236 100
car 0.012159661 178 7 257 70
car 0.012627818 311 4 421 90
car 0.019070778 95 2 194 38
car 0.08750394 238 0 313 44
car 0.50392455 58 0 152 42
bicycle 0.012850064 141 37 218 109
