sofa 0.005774019 66 55 150 186
sofa 0.267467 0 115 141 254
pottedplant 0.005988621 206 46 227 89
person 0.007016906 234 65 255 92
person 0.009358783 186 71 205 97
person 0.014030375 483 61 499 257
chair 0.007232798 446 104 500 250
chair 0.0076546324 2 133 15 338
chair 0.008141501 144 113 210 168
chair 0.008170927 390 143 473 216
chair 0.009198734 483 61 499 257
chair 0.009724834 247 146 310 217
chair 0.012668682 413 137 488 253
chair 0.021845652 354 149 433 202
chair 0.034461178 93 183 182 319
chair 0.034845054 71 90 144 155
chair 0.14792968 66 55 150 186
chair 0.16893195 5 70 163 307
chair 0.63918656 339 124 482 252
car 0.03788534 68 58 178 173
