person 0.0057686684 150 278 210 322
person 0.0060436726 135 135 372 328
person 0.0067030657 299 225 334 285
person 0.00983786 458 191 476 254
person 0.012989656 281 230 307 270
person 0.015453821 458 163 484 268
person 0.025101416 212 155 357 288
person 0.03429903 164 188 230 253
person 0.041166376 139 284 175 316
person 0.04794432 479 137 500 262
person 0.10327968 261 227 330 277
person 0.15417929 249 229 283 270
person 0.17110218 175 283 203 319
person 0.7509797 472 139 500 365
person 0.9734103 417 127 461 272
dog 0.005963655 164 188 230 253
dog 0.0069967094 170 279 200 333
car 0.016044652 212 155 357 288
car 0.08864075 135 135 372 328
boat 0.010316894 212 155 357 288
boat 0.11241369 135 135 372 328
bird 0.0093055945 179 196 214 226
bird 0.00987524 251 231 293 268
bird 0.016502334 139 284 175 316
bird 0.049309753 174 282 202 326
aeroplane 0.0057955254 135 135 372 328
