tvmonitor 0.009551405 489 26 499 88
tvmonitor 0.16827145 475 9 500 85
tvmonitor 0.82806104 140 54 231 124
pottedplant 0.00626311 0 242 22 375
person 0.01016213 199 79 216 113
person 0.010872542 140 54 231 124
person 0.016040972 310 53 439 153
person 0.94193363 330 0 487 149
diningtable 0.08741633 0 133 497 375
chair 0.088844195 321 36 482 159
car 0.04404507 144 63 229 123
bus 0.0055127465 140 54 231 124
bottle 0.012446785 475 9 500 85
bottle 0.028237624 311 76 336 159
bottle 0.054105163 176 279 230 373
bottle 0.058902193 331 218 365 281
bottle 0.10730699 211 316 276 375
bottle 0.99242157 234 152 294 323
