person 0.00553994 127 85 151 132
person 0.0060094264 252 80 273 123
person 0.01742676 229 83 285 189
person 0.7899957 241 82 274 144
person 0.91602623 121 86 157 171
motorbike 0.005185906 202 120 300 219
horse 0.0050034453 131 124 192 223
horse 0.009616547 119 109 156 193
horse 0.034117017 202 120 300 219
horse 0.097113274 50 130 129 176
dog 0.014998439 50 130 129 176
cow 0.0063092825 45 133 100 164
cow 0.09858727 262 140 296 229
cow 0.3596803 121 126 160 208
cow 0.64344984 217 122 295 230
cow 0.797888 131 124 192 223
cow 0.8692365 50 130 129 176
