pottedplant 0.0051474166 448 231 487 266
pottedplant 0.0069197034 454 125 496 225
pottedplant 0.008352259 477 299 497 332
pottedplant 0.008754993 489 218 499 276
pottedplant 0.009286486 453 165 493 263
pottedplant 0.010100852 445 237 470 277
pottedplant 0.010880751 490 240 498 313
pottedplant 0.013949378 471 195 498 277
pottedplant 0.029998042 391 90 428 121
pottedplant 0.030689852 469 234 498 308
pottedplant 0.033170365 445 194 500 312
pottedplant 0.035808496 432 131 440 151
pottedplant 0.227839 456 214 496 287
pottedplant 0.24177499 451 246 493 332
pottedplant 0.5104346 445 109 499 282
person 0.006219452 382 119 406 197
person 0.0068006683 380 127 399 160
person 0.011371286 451 246 493 332
person 0.033570893 440 248 473 333
chair 0.0052314424 440 248 473 333
chair 0.010906205 388 154 434 224
chair 0.015673868 377 158 414 227
bottle 0.0054341173 94 245 106 272
bottle 0.0070358976 477 299 497 332
bottle 0.010728054 84 241 118 295
bottle 0.01601443 69 288 145 333
bottle 0.018510059 432 131 440 151
bottle 0.022441601 173 252 196 305
bottle 0.032951493 200 121 219 162
bottle 0.03803953 83 254 161 291
bottle 0.047349717 112 262 150 290
bottle 0.6307792 90 247 109 284
