person 0.0054716654 102 138 317 248
person 0.006244927 340 205 365 247
person 0.006674814 113 199 150 237
person 0.009133469 247 191 264 231
person 0.0118748015 227 177 254 241
person 0.013946395 151 178 220 245
person 0.038351476 207 177 237 242
person 0.71710575 343 175 370 249
person 0.91810083 170 163 206 253
person 0.9729634 445 154 485 252
car 0.010185394 29 146 108 192
car 0.016898127 46 154 96 185
car 0.038551312 416 156 458 182
aeroplane 0.006116042 429 128 500 181
aeroplane 0.007009459 362 116 500 224
aeroplane 0.010354204 0 109 100 176
aeroplane 0.095202155 102 138 317 248
aeroplane 0.09652742 27 127 110 189
aeroplane 0.98693556 23 89 486 255
