sheep 0.00634851 488 144 499 200
sheep 0.029031057 478 143 500 183
person 0.008193594 239 142 249 165
person 0.008748836 478 143 500 183
person 0.00910596 242 160 303 181
person 0.009514451 238 149 248 176
person 0.009869736 230 144 300 185
person 0.017154548 275 149 286 165
person 0.058232244 271 153 284 172
person 0.39900276 235 142 251 180
person 0.52457863 269 150 291 176
horse 0.009068193 478 123 500 193
dog 0.0077118194 478 143 500 183
cow 0.008668934 478 123 500 193
boat 0.01019532 235 142 251 180
boat 0.22996199 255 151 294 179
boat 0.34808528 232 161 298 184
bird 0.012246794 478 143 500 183
