person 0.0050016874 306 162 394 235
person 0.006924326 159 110 235 169
person 0.007848521 168 121 238 262
person 0.008478738 274 209 408 334
person 0.009235899 195 118 238 202
person 0.009580463 1 41 24 86
person 0.017529858 0 30 12 84
person 0.025478166 130 133 204 258
person 0.026193878 298 154 340 234
person 0.031383034 181 90 214 150
person 0.03467124 144 121 191 199
person 0.08498923 179 112 222 207
person 0.19338836 175 162 298 302
person 0.349131 378 103 458 357
person 0.5341385 0 24 44 87
person 0.6714027 146 102 217 220
person 0.827782 199 123 278 274
person 0.93924 297 157 382 306
car 0.006059714 142 108 220 172
car 0.07536739 443 164 499 223
boat 0.005464593 275 212 430 341
boat 0.007136364 443 164 499 223
bicycle 0.013153524 293 182 381 318
bicycle 0.014355053 120 197 235 297
bicycle 0.03913838 194 172 278 299
bicycle 0.27398282 124 182 203 252
bicycle 0.8971542 167 197 309 317
bicycle 0.9727228 267 227 444 349
