tvmonitor 0.012346965 232 274 267 307
sofa 0.04001933 228 278 325 383
sofa 0.058562733 74 133 210 498
sofa 0.08532027 254 282 330 343
sofa 0.102102146 0 260 79 379
sofa 0.30571672 3 270 70 326
pottedplant 0.013052702 41 189 86 260
pottedplant 0.013313183 78 261 112 289
pottedplant 0.24466123 26 188 95 293
person 0.99975425 87 115 247 500
dog 0.005406024 197 333 308 462
dog 0.007564932 211 339 260 407
dog 0.009100653 217 356 288 417
dog 0.011033968 211 329 292 391
dog 0.01149473 251 358 286 399
dog 0.012505118 216 353 260 387
dog 0.017017456 222 314 322 407
dog 0.20414211 236 345 305 404
chair 0.005423165 234 286 318 341
chair 0.0113308085 236 308 277 338
chair 0.011473133 232 274 267 307
chair 0.01702419 3 270 70 326
chair 0.02103061 256 276 330 328
cat 0.0082128495 216 353 260 387
cat 0.03098689 251 347 292 406
