pottedplant 0.0052204314 68 221 116 296
pottedplant 0.0054930076 341 110 360 138
pottedplant 0.009506823 447 93 500 299
pottedplant 0.011622614 442 192 499 316
pottedplant 0.65688306 250 211 305 269
person 0.0108897 0 149 8 235
person 0.015650088 57 206 119 301
person 0.016775671 25 154 45 193
person 0.0312673 35 145 67 210
person 0.041961152 0 165 26 267
person 0.044143945 0 138 12 190
person 0.050589133 6 194 45 272
person 0.050782774 80 144 105 184
person 0.07665987 232 140 263 220
person 0.087651365 0 144 25 217
person 0.10872091 6 146 46 214
person 0.12308088 350 98 403 291
person 0.13520932 358 117 393 193
person 0.23871064 0 208 26 301
person 0.36783782 48 144 79 209
person 0.3757622 49 146 73 183
person 0.43114462 75 144 109 214
person 0.72345287 235 265 364 362
person 0.84290135 109 262 255 362
person 0.94414914 381 83 456 300
diningtable 0.0057209684 112 284 386 368
diningtable 0.026932018 26 290 248 371
diningtable 0.04807009 8 263 196 352
diningtable 0.13906938 109 262 255 362
chair 0.0051671867 256 147 298 217
chair 0.005847796 7 175 48 259
chair 0.0059509375 103 174 153 256
chair 0.012498895 0 322 91 375
chair 0.013675842 96 348 233 375
chair 0.02961166 110 335 251 369
chair 0.058358505 110 282 240 374
chair 0.07365458 237 143 268 217
chair 0.5835288 0 329 95 375
car 0.011060297 0 151 57 208
bottle 0.005305235 490 254 498 322
bottle 0.005474703 478 266 498 311
bottle 0.0057586986 175 254 196 283
bottle 0.0058970666 131 229 147 268
bottle 0.00630827 219 237 238 281
bottle 0.008144724 63 227 76 269
bottle 0.009782112 54 234 72 265
bottle 0.017424783 120 228 137 268
