person 0.005007591 93 38 107 55
person 0.005096071 15 48 51 108
person 0.00552895 81 26 100 54
person 0.0055732443 1 27 10 53
person 0.006247088 481 31 494 46
person 0.0070031923 491 27 497 50
person 0.022876702 429 0 468 52
person 0.027110593 0 19 13 60
person 0.038427245 3 23 20 57
person 0.23819616 57 20 74 73
motorbike 0.011810787 0 19 13 60
motorbike 0.0137042655 3 23 20 57
motorbike 0.10963497 358 34 500 162
car 0.007223401 83 36 99 57
car 0.008671769 76 33 107 58
car 0.013202454 195 4 285 51
car 0.017385451 428 18 500 150
car 0.27825746 43 13 453 359
car 0.2957633 61 5 297 156
car 0.4466291 358 34 500 162
