person 0.0059772218 207 159 220 182
person 0.006336114 119 158 143 203
person 0.006338969 419 118 442 169
person 0.007998383 200 160 215 180
person 0.00829673 120 155 157 190
person 0.011339968 167 168 271 216
person 0.01356337 384 116 494 222
person 0.01623234 90 157 112 189
person 0.02195898 477 102 496 209
person 0.0235363 81 158 102 201
person 0.023933921 185 155 224 200
person 0.03700887 65 153 101 208
person 0.04948471 453 113 496 199
person 0.11297415 61 152 82 191
person 0.18285188 197 154 219 187
person 0.4183788 52 145 84 212
person 0.7048808 117 162 154 228
person 0.9764804 415 114 453 195
person 0.99608094 224 130 270 214
horse 0.008704669 377 146 460 211
horse 0.0100938035 433 140 500 211
horse 0.020336492 414 131 454 210
horse 0.022774117 453 113 496 199
horse 0.06852646 62 160 105 231
horse 0.29808742 384 116 494 222
horse 0.44454464 47 171 89 245
horse 0.4646575 112 171 153 244
horse 0.8588774 159 170 343 261
cow 0.0050533745 112 171 153 244
cow 0.0066161 47 171 89 245
boat 0.03791733 148 186 354 266
bicycle 0.006490642 387 145 480 209
