pottedplant 0.0054365075 232 155 348 300
pottedplant 0.0055735083 0 164 10 221
pottedplant 0.0058312635 317 18 386 299
pottedplant 0.006678671 16 149 48 213
pottedplant 0.009183644 182 208 214 302
pottedplant 0.009653642 230 256 260 317
pottedplant 0.012624332 227 255 244 302
pottedplant 0.013581089 23 163 45 203
pottedplant 0.014782605 229 201 257 309
pottedplant 0.016071614 266 258 286 297
pottedplant 0.026504805 0 120 12 234
pottedplant 0.039046697 258 27 395 332
pottedplant 0.09272371 98 165 145 200
pottedplant 0.16611579 229 159 286 308
pottedplant 0.27865633 237 239 272 310
person 0.0056467396 0 46 11 236
diningtable 0.08779443 30 182 175 270
chair 0.005324922 7 184 107 287
chair 0.005709381 138 154 198 205
chair 0.006800235 154 164 204 229
chair 0.00826461 101 170 157 229
chair 0.0184601 0 187 12 236
chair 0.019211184 33 185 101 250
chair 0.027716795 0 158 15 275
chair 0.028105231 22 160 61 234
chair 0.05479466 51 200 113 265
chair 0.9804435 1 203 70 312
chair 0.98466873 107 177 168 265
