tvmonitor 0.0148577755 1 237 22 287
tvmonitor 0.03187872 1 228 10 296
tvmonitor 0.65411764 0 201 28 298
pottedplant 0.00771423 157 230 194 299
pottedplant 0.6188928 153 232 186 268
person 0.018441012 336 265 376 312
person 0.02079754 329 267 351 300
motorbike 0.0053663487 308 274 356 309
motorbike 0.0790726 320 268 385 316
horse 0.0072794575 329 274 374 310
car 0.007462069 492 226 499 317
bicycle 0.0064275526 1 272 10 323
bicycle 0.02837109 347 271 387 308
bicycle 0.03427674 308 274 356 309
bicycle 0.042724155 1 285 46 318
bicycle 0.06266115 329 283 375 312
bicycle 0.6589793 320 268 385 316
