person 0.0059615313 27 152 41 170
person 0.009100091 21 144 33 166
person 0.013463898 4 147 47 177
person 0.016816815 34 146 45 165
person 0.26781943 22 144 45 169
person 0.9749365 226 145 305 356
person 0.9892957 54 149 119 281
motorbike 0.034397636 16 146 47 176
motorbike 0.12377279 30 197 109 323
motorbike 0.55698526 209 224 314 372
horse 0.0058504893 16 146 47 176
horse 0.008422068 34 207 106 328
dog 0.0087304115 22 144 45 169
bicycle 0.0057387333 45 198 125 274
bicycle 0.015687594 25 204 67 303
bicycle 0.026633317 50 220 92 320
bicycle 0.046998616 16 146 47 176
bicycle 0.054949544 209 224 314 372
bicycle 0.10555439 86 227 122 311
bicycle 0.42415616 30 197 109 323
