person 0.0051269336 62 69 79 85
person 0.0059181247 72 70 87 82
person 0.006007755 2 80 11 150
person 0.009073048 1 78 24 162
person 0.01762056 55 67 70 85
person 0.024833763 47 77 76 162
person 0.036843833 2 100 49 175
person 0.16272819 51 67 73 105
person 0.8552901 66 54 116 174
motorbike 0.014115456 2 100 49 175
car 0.0071945516 95 69 192 133
car 0.0138422055 66 62 136 139
car 0.020806434 50 69 91 100
car 0.031474452 2 63 123 153
car 0.08358176 51 51 212 154
car 0.10092205 9 63 74 107
car 0.9999887 0 40 453 362
