person 0.009821893 0 63 22 111
person 0.013513285 126 18 148 44
person 0.014060839 34 29 53 67
person 0.0202891 15 30 35 68
person 0.020444924 0 26 9 51
person 0.026962519 132 14 162 75
person 0.027328968 32 24 64 100
person 0.02803535 6 28 20 48
person 0.035724502 0 63 11 130
person 0.03805222 106 17 138 73
person 0.05069639 0 26 11 70
person 0.0643995 22 32 40 81
person 0.069987305 140 10 173 105
person 0.08449889 116 21 139 52
person 0.1722968 6 23 43 103
person 0.21950936 0 41 28 128
person 0.22422597 4 27 23 69
person 0.30361426 144 17 170 42
person 0.5218075 91 16 126 78
person 0.92847544 42 7 102 110
motorbike 0.2099632 6 41 486 375
car 0.995427 4 0 490 375
