person 0.0057357103 187 363 198 378
person 0.008114296 183 361 201 399
person 0.01544807 187 335 218 388
person 0.021869393 177 81 193 108
person 0.8907225 189 333 229 420
motorbike 0.015102931 177 81 193 108
motorbike 0.94639045 185 351 231 435
car 0.0054888804 153 91 164 110
car 0.005862823 91 157 124 216
car 0.015850838 88 197 127 229
car 0.025899101 121 98 142 128
car 0.033970132 131 113 149 144
car 0.21818784 177 81 193 108
car 0.23218714 94 153 131 185
car 0.24376068 125 93 162 127
car 0.25342572 118 105 149 136
car 0.61947644 85 173 135 233
car 0.7625811 110 123 139 152
car 0.8741083 141 93 164 116
car 0.99849826 90 225 151 289
bicycle 0.0050035366 178 87 192 107
