person 0.005182653 138 187 182 262
person 0.9027947 134 184 199 300
motorbike 0.9945436 90 219 256 327
car 0.005244442 310 143 354 169
car 0.0063298214 372 124 412 148
car 0.0071043237 393 132 440 158
car 0.013248103 307 129 402 158
car 0.018728778 434 142 479 168
car 0.019691532 1 110 26 140
car 0.022841241 10 114 58 141
car 0.032116417 26 124 60 143
car 0.06994844 422 136 471 160
car 0.09329034 377 128 483 161
car 0.2609709 379 122 435 151
car 0.57740813 453 138 500 171
car 0.6603417 309 139 420 212
car 0.692605 330 127 373 149
car 0.8346757 210 137 335 213
car 0.925424 372 255 499 377
car 0.94060796 125 147 212 212
