pottedplant 0.0050954935 315 197 428 320
person 0.0065853233 49 185 72 218
person 0.0066136015 46 181 59 200
person 0.0076668477 68 162 143 206
person 0.007913618 293 138 440 245
person 0.00799774 79 167 103 200
person 0.010510988 0 162 8 186
person 0.013916385 0 161 10 203
person 0.021094633 43 182 62 220
person 0.89648867 338 137 419 302
motorbike 0.37499303 315 197 428 320
bus 0.009376978 241 125 396 222
boat 0.005089251 0 181 6 204
boat 0.0057700556 0 138 8 190
boat 0.0068069994 0 168 7 195
boat 0.0076484964 62 170 152 223
boat 0.007909841 0 33 18 168
boat 0.009617867 7 172 80 222
boat 0.0099777 11 177 55 207
boat 0.01308467 0 93 6 158
boat 0.01611465 2 149 27 206
boat 0.025036542 2 156 60 207
boat 0.042282388 0 161 10 203
boat 0.056811187 1 169 46 198
boat 0.11541689 24 54 58 154
boat 0.16002291 241 125 396 222
boat 0.2596351 1 105 429 277
boat 0.38400254 5 51 61 184
boat 0.8940231 59 195 348 275
bicycle 0.316038 315 197 428 320
