sheep 0.00581069 193 241 248 291
sheep 0.009336568 309 211 354 260
sheep 0.009947023 250 209 292 260
sheep 0.010270356 218 194 250 245
sheep 0.013701463 61 232 127 296
sheep 0.020095335 348 212 389 263
sheep 0.026640654 438 213 477 267
horse 0.0052649835 195 240 244 293
horse 0.0055792914 347 211 390 263
horse 0.008106281 307 208 354 253
horse 0.011601777 253 212 290 260
horse 0.0133353565 118 206 157 234
horse 0.07958289 222 195 247 243
dog 0.005114575 60 231 127 288
dog 0.008081838 193 241 248 291
dog 0.062312003 438 213 477 267
cow 0.005753075 62 234 84 261
cow 0.060338583 118 206 157 234
cow 0.4003171 222 195 247 243
cow 0.55202854 348 212 389 263
cow 0.73566955 438 213 477 267
cow 0.81714916 308 210 368 258
cow 0.8734722 113 214 159 281
cow 0.88114333 250 209 292 260
cow 0.9420911 193 241 248 291
cow 0.9570841 68 233 132 294
