person 0.008359933 2 22 14 250
person 0.014491363 61 137 151 296
person 0.02051559 103 150 144 207
person 0.02094285 1 29 129 302
person 0.026706621 1 0 29 260
person 0.09042233 0 57 60 293
person 0.09401875 9 132 181 330
person 0.28913286 1 2 51 197
person 0.4003245 1 0 20 162
person 0.51437247 104 39 222 242
person 0.8383643 327 60 429 291
motorbike 0.0056055514 0 113 182 317
bottle 0.005484588 344 229 355 247
bicycle 0.005782592 64 143 185 252
bicycle 0.005904122 14 114 164 231
bicycle 0.019069511 1 29 129 302
bicycle 0.08235727 0 57 60 293
bicycle 0.7953314 9 132 181 330
bicycle 0.9976273 297 159 448 322
