sofa 0.03615581 142 169 277 273
sofa 0.18207599 326 126 484 328
sofa 0.18792441 31 154 220 318
pottedplant 0.014573201 339 119 377 195
person 0.008698216 226 63 298 253
person 0.043274127 413 140 500 331
person 0.15153398 78 157 255 274
person 0.6396066 98 146 183 286
person 0.89290804 236 63 349 296
person 0.9200402 145 76 213 197
person 0.97351706 22 158 176 319
person 0.9973448 328 108 468 324
diningtable 0.01075056 52 290 453 332
chair 0.010743642 2 157 140 329
chair 0.01636227 44 157 200 309
chair 0.147311 0 205 91 331
chair 0.2355323 158 176 274 285
chair 0.3506393 413 140 500 331
chair 0.37453556 332 148 478 319
