person 0.009141994 129 40 444 375
person 0.011596578 262 57 405 243
person 0.02269304 345 184 410 247
person 0.032115906 330 162 458 375
person 0.057988 220 79 305 236
person 0.06579414 24 114 79 245
person 0.09738731 364 18 400 74
person 0.16006601 370 23 392 59
person 0.650974 183 60 236 131
person 0.9139672 212 61 350 375
person 0.97643405 291 48 437 375
person 0.99690664 113 97 236 373
dog 0.0061862757 339 235 419 304
diningtable 0.008408408 0 168 32 263
diningtable 0.012949274 23 125 81 261
diningtable 0.014579685 0 134 59 259
chair 0.010081883 45 108 117 284
chair 0.15209608 0 168 32 263
chair 0.18024065 24 114 79 245
cat 0.013819204 330 162 458 375
cat 0.017192977 342 239 435 303
bottle 0.007842557 489 304 497 375
bottle 0.02162024 479 320 499 372
bottle 0.028741233 156 198 182 273
bottle 0.03007487 304 128 324 179
