boat 0.0059949756 8 244 23 269
boat 0.007031427 277 244 292 255
boat 0.010437346 247 254 264 281
boat 0.011127731 27 330 79 345
boat 0.017811654 276 237 308 263
boat 0.021165697 236 196 270 275
boat 0.02396835 33 330 54 341
boat 0.025373837 102 183 155 287
boat 0.039152242 3 207 41 271
boat 0.43849075 1 234 27 268
boat 0.7014909 295 236 312 267
boat 0.84348154 63 215 94 277
boat 0.8931017 115 214 150 284
boat 0.9107625 240 244 269 277
boat 0.92040956 412 220 451 287
bird 0.0060110614 33 330 54 341
