car 0.008528972 95 137 135 165
car 0.0089506665 191 85 213 105
car 0.00937091 277 81 288 124
car 0.009953386 108 114 130 132
car 0.0135963345 108 141 130 175
car 0.015071281 185 79 224 105
car 0.018592108 31 173 70 219
car 0.028146423 174 72 209 98
car 0.09452919 111 175 156 234
car 0.10388584 280 92 287 120
car 0.17001183 111 154 147 187
car 0.30451348 223 94 249 112
car 0.31839433 112 212 150 240
car 0.74378854 247 155 281 184
car 0.77505183 200 206 251 239
car 0.7817033 172 151 202 182
car 0.78777015 202 92 222 108
car 0.8975136 197 177 232 210
car 0.9486206 114 178 149 211
