tvmonitor 0.011332921 56 124 126 234
sofa 0.005845175 449 191 500 355
sofa 0.007270256 332 155 484 236
sofa 0.01870143 56 124 126 234
sofa 0.1269272 228 213 474 368
sofa 0.40244573 349 164 500 291
sheep 0.0053350367 228 213 474 368
pottedplant 0.038059432 206 116 222 152
person 0.0051052836 349 164 500 291
person 0.010257095 322 148 362 195
person 0.017739648 332 155 484 236
person 0.027506176 268 147 366 214
dog 0.011863005 332 155 484 236
dog 0.012254989 0 183 89 375
dog 0.028830811 320 146 365 208
dog 0.11533897 268 147 366 214
diningtable 0.020759601 0 183 89 375
chair 0.007767796 0 174 14 335
chair 0.008379349 213 152 257 211
chair 0.009699589 449 191 500 355
chair 0.020869046 127 143 188 204
chair 0.102048874 356 181 500 328
chair 0.14004964 56 124 126 234
chair 0.5585829 265 140 360 228
chair 0.7728926 0 201 89 375
chair 0.8820485 226 216 435 364
cat 0.006090951 325 152 372 191
bicycle 0.011496783 0 183 89 375
