person 0.0050732996 12 283 23 301
person 0.005547712 47 293 59 350
person 0.0075058797 31 299 47 360
person 0.0183858 18 282 34 342
person 0.020090772 3 290 15 333
person 0.048749395 12 309 27 356
person 0.058931835 40 292 54 353
person 0.064887926 11 286 23 338
person 0.07808179 12 288 39 370
person 0.8473321 24 281 52 360
car 0.0072149565 316 261 333 290
car 0.008096222 282 277 292 295
car 0.010304495 319 268 332 284
car 0.011622437 11 278 27 293
car 0.014260286 3 273 34 296
car 0.018661378 296 277 312 293
car 0.01951024 288 277 305 294
car 0.025171561 318 275 331 293
car 0.06250093 288 272 322 295
car 0.92655814 276 287 333 382
bus 0.0050145737 316 261 333 290
bus 0.0051797014 4 206 34 311
bus 0.9997147 33 108 280 387
