pottedplant 0.008065225 114 86 147 116
pottedplant 0.017103953 177 215 262 297
person 0.006325977 359 123 379 158
person 0.0065336237 209 108 221 121
person 0.007593096 222 106 233 124
person 0.007879883 342 103 378 163
person 0.009667763 190 106 203 121
person 0.011413515 186 86 205 122
person 0.02090272 342 114 363 151
person 0.022972982 201 108 214 121
person 0.52177334 201 77 294 239
person 0.98935294 278 90 387 324
person 0.9960212 104 46 212 311
chair 0.008373194 201 118 290 263
car 0.0053960923 413 107 428 121
car 0.0056548906 417 102 457 122
car 0.0057876064 343 116 376 152
car 0.0066994294 419 106 434 121
