sofa 0.008664668 142 115 500 375
pottedplant 0.028469805 1 8 45 85
pottedplant 0.15842032 2 17 49 187
person 0.00734669 476 197 496 312
person 0.012536349 0 167 51 343
person 0.017461011 0 124 22 272
person 0.026689135 0 171 19 341
person 0.09539127 0 85 33 309
person 0.096686065 0 101 28 214
person 0.35865727 1 55 46 221
person 0.75770617 153 60 345 375
person 0.9974787 217 63 497 375
diningtable 0.005290551 69 190 145 235
diningtable 0.0057870694 127 198 171 222
diningtable 0.006659562 0 175 136 364
diningtable 0.0073914807 67 243 195 357
diningtable 0.010514648 0 229 100 287
diningtable 0.013353732 7 338 164 375
diningtable 0.013699827 11 195 175 278
diningtable 0.64009863 11 218 168 326
chair 0.0059470776 0 144 28 364
chair 0.015028545 0 231 50 354
chair 0.016840648 90 245 169 305
chair 0.017430011 89 197 131 224
chair 0.02820668 0 229 100 287
chair 0.03458848 1 334 137 374
chair 0.046535626 127 198 171 222
chair 0.074529625 20 243 112 301
chair 0.10699238 28 281 107 341
chair 0.14394523 67 243 195 357
chair 0.20346452 0 239 25 348
chair 0.2505639 10 237 121 352
bottle 0.005147754 117 181 126 204
bottle 0.006967202 92 183 112 222
