person 0.038592506 488 70 500 122
person 0.045308203 459 95 490 190
person 0.058762457 449 78 497 357
person 0.07248639 471 66 482 86
person 0.079816476 449 78 467 113
person 0.10208853 461 67 472 88
person 0.11957671 469 59 485 95
person 0.13534784 487 53 500 101
person 0.14291985 452 78 464 95
person 0.14400719 458 61 474 94
person 0.2257122 478 57 494 97
person 0.30788475 393 71 481 375
person 0.57480025 362 62 424 375
person 0.5864797 474 107 497 210
person 0.6326173 143 89 214 374
person 0.6524845 257 72 334 367
person 0.6880339 97 76 157 375
person 0.91095924 311 69 372 369
person 0.9632565 205 74 266 371
person 0.981746 11 106 129 373
chair 0.007920205 448 241 495 375
