pottedplant 0.009322361 14 47 81 275
person 0.013290619 72 46 177 288
chair 0.018265741 11 69 82 276
bottle 0.0054806597 251 29 300 283
bottle 0.006687445 409 43 448 115
bottle 0.007125304 485 56 499 296
bottle 0.0072046136 1 0 12 326
bottle 0.012300408 458 83 487 187
bottle 0.018469896 0 35 20 196
bottle 0.023437774 152 61 185 169
bottle 0.030050596 456 56 495 298
bottle 0.03253026 28 51 68 144
bottle 0.044847816 1 0 25 312
bottle 0.1580174 393 67 468 292
bottle 0.3997837 72 46 177 288
bottle 0.6160853 14 47 81 275
bottle 0.941406 352 23 403 295
bottle 0.95981246 191 28 262 291
bottle 0.96962833 288 49 356 296
bottle 0.9947441 152 39 189 268
