tvmonitor 0.008981603 72 195 93 230
tvmonitor 0.0126641495 78 216 189 337
tvmonitor 0.10853381 87 192 131 254
sofa 0.0095561715 78 216 189 337
sofa 0.014844495 317 197 479 311
pottedplant 0.13117112 266 151 339 274
person 0.007955858 376 255 495 358
person 0.022783786 317 197 479 311
diningtable 0.006824746 192 297 471 371
chair 0.0050881547 209 180 457 343
chair 0.0055388017 306 233 410 284
chair 0.005605698 369 202 489 319
chair 0.00708669 192 297 471 371
chair 0.008785748 255 182 404 282
chair 0.011424549 86 193 131 266
chair 0.015383015 278 258 455 342
chair 0.019469278 175 293 320 371
chair 0.24902934 72 225 184 375
chair 0.7219432 293 199 450 311
