person 0.0184183 1 10 30 82
person 0.019980842 214 33 234 60
person 0.021379182 281 26 303 53
person 0.023000078 390 37 407 74
person 0.028109267 169 23 187 67
person 0.03353767 41 27 59 66
person 0.033656295 369 38 391 74
person 0.037105154 379 37 398 75
person 0.04055956 197 31 216 62
person 0.04233362 66 27 83 63
person 0.04877084 205 32 225 61
person 0.049916074 150 18 178 76
person 0.07062829 437 34 458 63
person 0.107953854 95 23 121 95
person 0.11943547 1 28 30 131
person 0.12341248 28 19 61 98
person 0.13092782 129 23 159 90
person 0.13630359 9 17 45 102
person 0.23969112 177 19 197 58
person 0.27401426 99 26 118 68
motorbike 0.019089816 2 32 122 132
motorbike 0.051390406 1 28 30 131
car 0.005249654 307 39 402 84
car 0.0057714875 108 22 140 74
car 0.0065477635 0 17 10 78
car 0.0077459775 114 28 177 86
car 0.00775916 201 33 231 61
car 0.009191544 226 23 264 51
car 0.0114413425 1 51 30 139
car 0.012009451 1 13 59 76
car 0.013481323 94 21 125 74
car 0.014763571 478 55 499 96
car 0.016426522 488 48 499 103
car 0.023069194 201 22 282 56
car 0.040127724 288 46 441 121
car 0.13019115 2 32 122 132
car 0.7966125 377 44 482 133
car 0.9997821 52 49 416 309
