person 0.007519545 311 0 330 32
person 0.0077418727 239 13 251 56
person 0.00830901 228 13 245 58
person 0.009365082 294 8 311 44
person 0.011661008 269 14 278 41
person 0.013311172 391 4 406 51
person 0.016516034 451 9 465 47
person 0.026578676 243 17 250 39
person 0.027615657 490 2 500 53
person 0.03157234 285 7 300 47
person 0.034277745 274 0 292 38
person 0.04096099 266 0 282 39
person 0.060100533 257 9 271 43
person 0.08874205 471 11 486 47
person 0.115230195 477 10 492 47
person 0.15433879 250 16 259 40
person 0.16005118 163 11 179 62
person 0.17898183 179 13 194 60
person 0.20100194 168 11 187 63
person 0.28383347 190 10 202 60
motorbike 0.005604321 0 19 62 181
motorbike 0.0073212124 168 4 191 66
motorbike 0.013909481 22 1 148 113
motorbike 0.94503844 0 11 127 173
motorbike 0.9999547 12 10 469 316
car 0.005959004 338 12 369 73
car 0.0061363084 266 2 301 35
car 0.006317979 4 0 125 127
car 0.008852827 313 0 328 16
car 0.010095529 341 20 364 53
car 0.012035912 332 1 368 20
car 0.017412687 335 5 409 69
