person 0.009132985 237 6 272 67
person 0.010021829 225 1 256 75
person 0.014604317 455 1 488 90
person 0.016130323 440 4 474 88
person 0.016531924 83 17 103 55
person 0.016722754 203 0 244 88
person 0.018734448 425 0 486 201
person 0.01911985 328 2 357 74
person 0.023783613 122 14 158 119
person 0.029079113 312 4 333 46
person 0.031138327 380 10 409 104
person 0.03237036 481 0 499 119
person 0.063964024 93 17 120 104
person 0.06737479 443 0 490 133
person 0.5203252 174 0 239 126
person 0.6705739 269 0 325 57
person 0.76425016 151 8 185 118
person 0.87510496 405 14 444 106
person 0.90219957 344 0 393 94
person 0.9447966 110 0 164 157
motorbike 0.99614424 9 6 408 331
car 0.005402337 336 0 401 88
car 0.02620543 6 0 412 314
