pottedplant 0.00633082 207 162 221 206
pottedplant 0.008052655 192 159 217 211
person 0.0075837215 294 191 313 229
person 0.008238302 276 137 289 154
person 0.015010001 376 173 388 213
person 0.017662868 266 128 284 158
person 0.025785102 268 135 281 153
person 0.034191776 16 161 33 210
person 0.038285214 199 164 213 208
person 0.052681156 379 171 396 213
person 0.093515515 304 181 320 228
person 0.24680622 207 162 221 206
person 0.73021185 189 167 205 206
horse 0.006766121 15 170 32 214
car 0.005034253 364 184 376 202
car 0.011531166 364 176 374 191
car 0.013379076 399 172 420 213
car 0.015488473 361 165 379 203
car 0.028329961 379 171 396 213
car 0.902302 402 172 434 228
bus 0.0077445223 398 173 435 215
bus 0.040919602 366 153 393 209
bus 0.056549568 361 153 379 194
bus 0.9984251 209 113 374 230
