pottedplant 0.008005358 200 166 209 177
person 0.00530364 469 165 478 191
person 0.0061023617 161 172 171 189
person 0.0072820475 195 165 203 177
person 0.009511163 467 153 481 190
person 0.022476725 80 172 87 191
person 0.03665363 154 169 165 191
chair 0.0053405636 193 169 203 189
chair 0.0061355284 161 172 171 189
chair 0.006507958 200 166 209 177
chair 0.007392529 231 170 242 189
chair 0.0076949135 145 220 189 316
chair 0.012356742 150 211 189 265
chair 0.014450997 199 170 211 188
chair 0.016855074 154 169 165 191
chair 0.019047359 195 169 238 188
chair 0.029781058 320 211 389 267
chair 0.24398482 94 227 193 318
chair 0.39014 154 212 204 291
chair 0.5809843 333 211 426 333
car 0.005034743 455 127 490 188
car 0.005156986 438 162 456 175
car 0.0055970047 80 172 87 191
car 0.0068127015 446 146 470 159
car 0.0069069583 479 143 494 162
car 0.007922684 273 161 314 186
car 0.00926528 440 147 475 172
car 0.017667381 477 136 498 166
car 0.017822137 429 161 466 182
car 0.020895915 421 133 489 178
car 0.086054474 443 139 487 166
