person 0.006041215 103 1 186 50
person 0.006047112 490 0 499 65
person 0.006477894 70 0 92 24
person 0.0068093785 415 2 494 73
person 0.010320838 81 0 102 23
person 0.010739933 450 0 495 61
person 0.01088815 0 38 7 134
person 0.011313737 324 3 392 92
person 0.012611373 33 0 71 93
person 0.014884843 433 0 473 63
person 0.015289534 62 2 83 36
person 0.015528426 35 23 65 133
person 0.015665203 3 2 436 319
person 0.017459458 46 0 81 59
person 0.018087048 373 0 444 65
person 0.039449822 255 0 332 56
person 0.05226969 0 16 20 143
person 0.14510266 45 11 81 114
person 0.2072368 338 5 468 87
person 0.9498781 3 0 60 141
motorbike 0.0060141194 197 20 454 102
motorbike 0.015946 33 17 171 119
motorbike 0.054563843 329 8 477 109
motorbike 0.9999305 0 7 500 371
