person 0.02148783 64 68 84 97
person 0.024605133 375 36 445 82
person 0.02498583 178 0 262 77
person 0.025272204 0 52 9 135
person 0.029795427 439 172 471 247
person 0.035416137 472 58 500 138
person 0.036090076 428 56 443 71
person 0.036973514 423 53 436 74
person 0.04598939 66 75 78 92
person 0.046860576 95 62 113 106
person 0.05813945 417 42 438 73
person 0.086572 1 55 27 146
person 0.1219928 72 56 102 108
person 0.14469978 120 31 139 78
person 0.2805437 98 50 411 279
person 0.29376093 98 54 119 96
person 0.31658405 475 59 500 91
person 0.4670483 2 51 31 260
person 0.47905388 73 62 94 89
person 0.881705 30 51 97 225
motorbike 0.02567396 439 172 471 247
motorbike 0.070574924 435 135 500 254
motorbike 0.9984817 42 44 468 297
