car 0.008298722 440 358 497 375
boat 0.009829394 152 258 203 277
boat 0.010800315 370 258 459 296
boat 0.011211655 92 246 146 270
boat 0.012406339 378 277 421 297
boat 0.012685121 340 264 362 274
boat 0.013263087 59 233 101 265
boat 0.014217948 296 258 345 273
boat 0.016509414 34 143 96 258
boat 0.01657509 0 226 11 273
boat 0.019606287 9 169 120 267
boat 0.021401683 366 331 429 375
boat 0.021478066 280 235 349 270
boat 0.025590703 0 235 64 272
boat 0.033244688 17 249 67 270
boat 0.034929976 27 234 110 268
boat 0.0436381 141 236 217 271
boat 0.1187238 288 250 339 270
boat 0.1218189 64 235 150 271
boat 0.3857098 207 235 282 270
boat 0.46641824 24 317 157 354
bird 0.0062907157 412 122 499 161
