sofa 0.0052246447 374 109 484 224
person 0.015607179 274 99 452 253
person 0.015809532 0 146 18 237
person 0.016503252 14 152 51 185
person 0.02144132 81 127 98 176
person 0.025082774 50 135 73 175
person 0.028644338 9 129 39 185
person 0.031269606 0 119 12 168
person 0.03499529 281 99 319 169
person 0.04140881 22 137 77 183
person 0.04623055 63 132 83 175
person 0.07675707 72 131 91 174
person 0.087393165 20 141 43 181
person 0.11871227 1 128 24 191
person 0.26758862 279 104 353 259
person 0.40001857 40 137 65 181
person 0.5303419 320 109 393 266
person 0.5954485 0 142 11 199
person 0.89912426 90 118 131 204
person 0.9798641 149 113 179 194
person 0.99526775 396 93 461 233
car 0.010791589 451 125 500 191
car 0.018978441 288 112 427 244
car 0.050275583 374 109 484 224
