sofa 0.01042195 33 169 169 274
pottedplant 0.03312908 294 142 381 214
pottedplant 0.033446085 2 140 25 255
pottedplant 0.033896793 32 101 154 209
pottedplant 0.03956886 12 124 83 193
pottedplant 0.040515773 291 159 333 227
pottedplant 0.04198171 215 95 257 150
pottedplant 0.044578824 206 252 243 283
pottedplant 0.062119935 70 122 142 189
pottedplant 0.06403757 235 183 279 251
pottedplant 0.18450506 240 159 311 276
pottedplant 0.2620792 242 98 419 198
pottedplant 0.29778352 299 223 370 326
pottedplant 0.30132344 1 128 56 267
pottedplant 0.30850914 33 169 169 274
pottedplant 0.36730388 280 69 442 299
pottedplant 0.44536254 231 228 302 285
pottedplant 0.55562484 164 136 247 263
pottedplant 0.5652426 1 182 43 283
pottedplant 0.5796076 408 166 500 350
pottedplant 0.89170486 357 242 426 340
person 0.005053597 408 166 500 350
person 0.006693013 280 69 442 299
person 0.007399549 215 95 257 150
person 0.00938183 259 76 296 125
person 0.012131197 278 81 302 113
car 0.0059087006 352 131 435 192
car 0.0059857727 1 182 43 283
car 0.069953576 270 97 453 207
