person 0.008796432 77 148 88 159
person 0.0230118 85 148 99 159
boat 0.0062046098 85 148 99 159
boat 0.0068189935 219 137 276 157
boat 0.0074894815 38 160 112 177
boat 0.009155794 261 139 288 148
boat 0.013824797 387 126 406 139
boat 0.032274757 285 127 305 138
boat 0.034412835 249 138 276 148
boat 0.03679715 207 138 301 165
boat 0.04636093 376 59 406 144
boat 0.05715791 264 132 322 146
boat 0.071908444 67 145 115 166
boat 0.12004619 97 142 159 162
boat 0.15965466 47 139 155 168
boat 0.3532825 274 126 314 144
boat 0.5508855 243 137 285 153
boat 0.64788735 219 144 274 166
boat 0.6634667 45 149 121 174
boat 0.8706982 377 125 405 145
