tvmonitor 0.15336125 0 3 59 171
person 0.005714737 0 2 54 345
diningtable 0.005945081 45 289 500 344
diningtable 0.006845193 349 304 500 336
diningtable 0.09037798 0 253 500 327
chair 0.0070057227 214 226 301 283
chair 0.010617793 269 243 477 318
chair 0.014390137 4 246 124 345
chair 0.05399214 254 27 340 104
chair 0.07184924 339 237 454 293
bottle 0.0051103407 374 301 387 318
bottle 0.005349939 363 298 378 327
bottle 0.005597709 307 236 340 312
bottle 0.01085655 372 300 391 327
bottle 0.013426616 365 302 376 320
bottle 0.018952861 375 301 400 340
boat 0.042754926 0 253 500 327
