person 0.013972593 82 0 164 82
person 0.014108579 387 10 442 149
person 0.014125542 151 0 184 61
person 0.014521895 184 0 196 19
person 0.018359372 147 0 169 25
person 0.018792678 64 9 189 131
person 0.020383814 247 0 263 39
person 0.031919457 0 0 28 96
person 0.040579107 27 6 62 79
person 0.040657084 185 0 205 27
person 0.046958745 432 9 473 77
person 0.050470334 1 32 23 204
person 0.076476835 7 2 47 88
person 0.10442155 177 0 212 85
person 0.5718649 1 4 47 201
person 0.8279735 388 3 435 73
person 0.8349273 91 44 166 193
person 0.86131614 402 0 500 375
person 0.97671133 161 3 201 82
person 0.97676915 67 0 107 95
motorbike 0.99880576 95 44 428 375
