sheep 0.008726007 8 133 44 193
sheep 0.014351166 124 138 154 172
sheep 0.014526858 1 158 14 206
sheep 0.017212288 238 114 255 135
sheep 0.028919147 101 136 126 171
sheep 0.033031814 234 109 259 125
sheep 0.044979915 86 136 130 188
sheep 0.06361005 241 111 264 133
sheep 0.1477736 25 137 45 185
sheep 0.1818646 217 107 254 129
sheep 0.21059754 0 167 26 197
sheep 0.23417525 376 133 412 192
sheep 0.42260075 106 133 147 186
sheep 0.5258511 214 110 239 127
sheep 0.7105512 84 164 121 199
sheep 0.79741305 358 133 391 190
sheep 0.8030815 341 131 375 185
sheep 0.91138965 135 139 201 190
sheep 0.96112555 391 138 434 193
sheep 0.96434504 297 131 332 183
