car 0.014065471 74 82 88 94
car 0.01491101 43 84 61 95
car 0.014941242 31 86 54 97
car 0.017354501 383 76 394 93
car 0.018379454 471 72 485 86
car 0.021376029 24 84 46 96
car 0.025904162 206 68 263 87
car 0.028912846 103 70 154 88
car 0.04100705 444 74 485 94
car 0.041237283 470 76 484 92
car 0.04236159 407 77 425 94
car 0.043911316 477 75 491 93
car 0.40633973 59 81 82 96
car 0.4459799 346 74 391 99
car 0.58200324 97 76 144 93
car 0.61703396 25 80 62 98
car 0.93023866 293 71 380 104
car 0.93325603 408 75 470 94
car 0.99823296 38 70 296 195
car 0.99947464 177 115 494 362
