person 0.0073846956 115 77 186 125
person 0.014481385 209 0 282 131
diningtable 0.98470604 20 119 465 319
chair 0.005048228 1 91 22 213
chair 0.005054183 3 77 45 155
chair 0.005369334 43 73 81 149
chair 0.006861286 23 139 106 199
chair 0.008612508 21 136 148 249
chair 0.021706821 3 152 62 296
chair 0.022066824 3 88 55 214
chair 0.028500268 11 61 78 166
chair 0.02981938 0 90 121 309
chair 0.09429493 368 87 458 146
chair 0.10915921 7 116 82 261
chair 0.16736202 115 77 186 125
chair 0.33249918 266 79 334 136
chair 0.98742783 0 202 172 317
