person 0.0075553376 256 265 267 288
person 0.077404134 250 261 267 298
person 0.5079228 102 292 115 326
person 0.54271454 81 292 95 327
car 0.0070200595 215 282 260 314
car 0.010964634 226 312 284 336
car 0.01372038 244 271 285 306
car 0.01764628 274 290 290 307
car 0.021023761 255 284 292 311
car 0.021928832 227 278 262 304
car 0.8537071 215 287 292 333
car 0.96132815 129 288 200 326
bus 0.012574693 0 231 22 318
bus 0.018002514 206 278 281 323
bus 0.17189327 9 246 82 304
bus 0.48613468 128 275 196 325
bus 0.99765617 295 271 491 354
