person 0.0075913887 282 121 304 164
person 0.012897277 487 172 500 209
person 0.026155772 131 193 149 230
motorbike 0.07030444 131 203 151 236
car 0.0055914493 420 166 456 194
car 0.006332164 480 177 500 204
car 0.012202007 416 149 454 230
car 0.0173908 490 170 499 192
car 0.019151106 469 172 484 191
car 0.02033913 437 175 452 190
car 0.022571672 457 177 478 190
car 0.048047762 479 169 496 199
car 0.16731998 451 173 485 194
car 0.18454075 487 172 500 209
bus 0.005575276 458 170 493 196
bus 0.19190845 418 140 456 219
bus 0.6002477 1 115 130 232
bus 0.9999924 149 73 433 273
bicycle 0.044093236 131 203 151 236
