tvmonitor 0.012169275 49 0 449 320
train 0.16002604 0 11 383 373
person 0.008630544 468 179 499 375
person 0.010707035 0 150 27 375
person 0.013343531 415 209 493 300
person 0.014703971 0 164 8 242
person 0.015036594 1 149 23 245
person 0.018137252 344 200 451 317
person 0.02123943 289 187 343 253
person 0.023332538 49 172 200 375
person 0.02356049 482 175 497 335
person 0.024996322 1 177 19 334
person 0.035551496 90 168 164 272
person 0.07995733 315 192 352 283
person 0.4591045 389 213 426 299
person 0.81255645 336 209 409 300
person 0.87090474 432 198 500 375
person 0.973174 0 158 139 375
person 0.993425 71 23 422 370
