person 0.008574155 359 167 397 226
person 0.008918467 70 131 192 219
person 0.009496897 363 168 428 233
person 0.009510684 340 154 363 198
person 0.009884332 0 132 10 375
person 0.010682697 0 91 26 375
person 0.011662555 427 123 462 195
person 0.016005203 4 133 88 290
person 0.026008572 7 120 45 201
person 0.056297418 0 117 29 240
person 0.13266803 335 162 367 227
person 0.34573042 401 123 465 231
person 0.34753764 352 112 476 248
person 0.7856193 104 126 149 204
person 0.82740766 0 122 53 268
person 0.87581646 290 120 358 207
person 0.87755257 368 98 500 343
person 0.9342662 162 133 230 222
person 0.9460943 240 121 305 221
person 0.95545834 27 118 105 243
diningtable 0.9992291 0 211 500 375
bottle 0.0056789806 249 172 270 250
bottle 0.0064489394 261 175 270 206
bottle 0.009938393 125 209 157 295
bottle 0.015031731 249 175 262 227
bottle 0.5571928 299 195 333 304
bottle 0.7257425 260 173 273 227
