sheep 0.0050851596 164 134 200 164
sheep 0.005454239 247 153 340 286
sheep 0.010196505 105 136 125 180
sheep 0.010721043 136 138 156 180
sheep 0.015077391 107 132 137 185
sheep 0.104832456 143 132 165 168
horse 0.0066699954 123 139 144 181
horse 0.047136117 142 138 163 177
horse 0.068767406 113 137 137 183
horse 0.12077434 105 136 125 180
cow 0.005327888 201 142 222 178
cow 0.006603324 297 186 362 266
cow 0.008445596 192 138 211 181
cow 0.009904418 136 133 172 167
cow 0.015513181 164 134 200 164
cow 0.02662772 123 139 144 181
cow 0.048090007 166 138 220 190
cow 0.2205619 142 138 163 177
cow 0.29646534 105 136 125 180
cow 0.47991335 107 132 137 185
cow 0.7773916 251 164 365 277
cow 0.9736598 149 160 201 242
