pottedplant 0.006615758 97 54 125 118
person 0.0050631836 99 93 121 136
person 0.007373563 63 62 98 114
person 0.018917529 51 67 116 168
person 0.021397078 119 97 138 135
person 0.03458348 96 75 119 118
person 0.38565832 94 66 126 135
person 0.6854841 52 64 90 139
motorbike 0.008764185 91 83 129 145
motorbike 0.010464847 50 81 122 149
motorbike 0.0105619095 279 47 349 107
motorbike 0.014379398 102 107 231 248
motorbike 0.015466938 167 94 235 150
motorbike 0.035372347 167 74 336 156
motorbike 0.42967185 17 85 165 286
motorbike 0.997897 138 60 385 325
car 0.005190899 274 39 356 95
bicycle 0.008076118 279 47 349 107
