train 0.007256027 0 0 500 322
person 0.009617902 12 241 35 324
person 0.016772049 1 237 6 324
person 0.031334817 76 252 98 324
motorbike 0.01285697 0 0 500 298
motorbike 0.017598629 237 7 484 323
car 0.10619774 0 0 500 322
car 0.16458936 237 7 484 323
bus 0.005163207 4 222 23 316
bus 0.02525432 237 7 484 323
bus 0.515057 0 0 500 322
bottle 0.045889672 237 7 484 323
boat 0.005906014 237 7 484 323
boat 0.00853083 0 0 500 322
bicycle 0.03731923 0 0 500 322
aeroplane 0.006586595 237 7 484 323
aeroplane 0.046289917 0 0 500 322
