pottedplant 0.036093857 364 304 396 330
pottedplant 0.10287553 76 233 199 366
person 0.005842738 449 287 458 308
person 0.03647301 478 294 488 317
car 0.0073995576 262 188 303 214
car 0.00946469 255 309 297 329
car 0.024932373 258 183 307 202
car 0.026320389 364 304 396 330
car 0.04381669 271 312 296 326
boat 0.005188373 478 216 495 231
boat 0.0052367453 429 228 487 252
boat 0.008587413 76 233 199 366
boat 0.009668366 476 215 499 246
boat 0.011858991 30 178 93 203
boat 0.027219685 0 159 224 213
boat 0.42218217 0 156 94 206
bicycle 0.008173487 478 294 488 317
