person 0.022854637 416 204 439 239
person 0.026543878 441 212 470 270
person 0.026751535 372 201 405 224
person 0.029175058 265 133 384 250
person 0.033278655 454 209 485 273
person 0.03827109 208 207 226 254
person 0.053858098 455 231 476 272
person 0.059286907 181 184 217 261
person 0.063781634 487 227 499 290
person 0.06987766 106 180 135 268
person 0.10856694 282 138 319 229
person 0.2004041 476 203 500 276
person 0.22686301 448 242 469 272
person 0.39709017 414 211 446 267
person 0.82601416 0 273 46 375
person 0.97832626 134 186 168 281
person 0.9792233 163 186 210 277
person 0.98918664 1 163 43 344
person 0.9951904 66 186 95 286
person 0.9967002 95 185 128 285
car 0.0062653716 93 292 408 375
car 0.013110584 34 191 52 207
car 0.01760993 152 191 217 274
car 0.024940282 31 179 56 208
car 0.58062965 0 218 500 375
