sofa 0.0071814153 0 111 178 375
person 0.0051219324 0 48 24 120
person 0.0053759366 448 76 488 136
person 0.0053890264 237 148 316 203
person 0.00626409 217 102 344 197
person 0.0063921073 490 73 500 155
person 0.006801345 167 67 244 135
person 0.009938244 277 145 303 168
person 0.011177791 484 63 499 287
person 0.011435828 125 68 241 167
person 0.012788153 179 123 320 235
person 0.012910121 479 61 500 149
person 0.033032916 25 57 62 112
person 0.046196073 194 128 281 182
person 0.10535932 416 78 488 158
person 0.1289979 195 77 239 165
person 0.17310806 473 73 500 212
person 0.42741346 184 77 264 195
person 0.783559 441 80 500 202
person 0.99677217 0 85 178 375
person 0.9972756 103 66 266 322
diningtable 0.9984086 154 155 500 369
bottle 0.025120763 446 124 466 166
bottle 0.07731387 403 168 427 256
bottle 0.6140307 327 155 354 244
