sofa 0.010867266 1 97 113 339
sofa 0.018281914 285 117 440 234
sofa 0.19403987 256 72 460 298
pottedplant 0.0072679315 140 138 173 192
pottedplant 0.018067444 80 157 121 192
person 0.006437944 10 138 83 334
person 0.0065204874 47 131 133 305
person 0.01775404 393 29 500 339
person 0.47483498 0 64 117 320
dog 0.007490311 80 157 121 192
diningtable 0.009381523 12 179 78 333
chair 0.0052617607 130 141 169 207
chair 0.019135054 105 157 138 275
chair 0.020963807 12 179 78 333
chair 0.027575355 84 155 126 245
chair 0.029677479 54 176 126 327
chair 0.07043272 285 117 440 234
chair 0.075340346 1 97 113 339
chair 0.22268796 256 72 460 298
chair 0.7994025 76 143 137 295
cat 0.005989465 80 157 121 192
