tvmonitor 0.00996119 310 294 352 326
train 0.009290043 310 294 352 326
car 0.00910619 59 296 100 322
car 0.009678745 315 313 332 340
car 0.013252998 2 295 32 373
car 0.022929266 317 318 329 334
car 0.024381349 422 320 436 337
car 0.025590492 59 307 81 341
car 0.03248598 132 308 149 348
car 0.033613335 51 296 127 342
car 0.03420535 425 320 488 336
car 0.039051447 139 298 181 324
car 0.057553757 255 314 279 338
car 0.09819631 320 320 344 332
car 0.12157943 54 301 91 334
car 0.2394021 34 304 71 334
car 0.3537653 275 316 325 349
car 0.39299124 316 314 349 334
car 0.6786845 165 295 265 369
car 0.8581359 139 308 178 338
car 0.9781137 1 311 59 375
car 0.99623483 65 301 147 361
bus 0.11192519 313 305 351 331
