tvmonitor 0.04284049 201 176 231 213
train 0.11955442 201 180 231 219
pottedplant 0.007126641 272 199 291 214
person 0.015912438 389 183 404 213
person 0.029242713 412 176 426 222
person 0.03181501 388 187 397 211
person 0.99321264 303 206 353 309
motorbike 0.9499124 302 217 350 323
car 0.0056862053 239 194 250 208
car 0.006891573 282 189 323 210
car 0.0076670493 207 199 226 216
car 0.013133801 145 208 190 243
car 0.022235392 71 217 93 261
car 0.12335396 272 199 291 214
car 0.14004032 110 210 150 250
car 0.22428486 127 210 171 247
car 0.42038366 36 213 90 266
car 0.5676083 201 180 231 219
car 0.7046926 74 203 133 256
car 0.75605255 156 190 198 242
car 0.92158514 0 218 43 277
bus 0.21169443 201 180 231 219
