bird 0.010887529 425 138 449 169
bird 0.015741838 478 195 492 214
aeroplane 0.045291718 439 208 459 235
aeroplane 0.05318083 427 145 446 163
aeroplane 0.06042616 437 164 453 179
aeroplane 0.061743204 443 220 456 237
aeroplane 0.06423355 425 237 437 251
aeroplane 0.06773816 435 163 445 176
aeroplane 0.074857414 423 241 437 257
aeroplane 0.08471453 434 198 445 211
aeroplane 0.10756665 420 235 440 265
aeroplane 0.11017786 459 195 494 215
aeroplane 0.12009043 425 230 446 255
aeroplane 0.14295472 446 178 462 192
aeroplane 0.15611736 412 258 430 272
aeroplane 0.19584711 426 139 444 154
aeroplane 0.20350412 435 158 453 174
aeroplane 0.29056627 429 240 444 254
aeroplane 0.29296303 478 195 492 214
aeroplane 0.33271378 430 148 452 175
aeroplane 0.36419988 410 249 442 272
aeroplane 0.71676356 425 138 449 169
