person 0.0053102737 57 124 67 141
person 0.0064702895 31 118 70 190
person 0.007891288 65 123 77 139
person 0.021750173 47 125 58 142
person 0.022464924 59 117 82 147
person 0.033533435 44 105 61 144
person 0.08132385 45 115 83 171
person 0.08966498 2 109 44 179
motorbike 0.0052682385 2 120 24 222
motorbike 0.0057205614 3 125 40 159
motorbike 0.035011563 34 117 89 169
motorbike 0.46073455 4 123 86 185
motorbike 0.4830919 0 118 44 190
car 0.0050264276 0 123 8 145
car 0.0062519135 34 117 89 169
car 0.013999174 3 121 41 149
car 0.026962006 1 117 31 193
car 0.043933723 4 123 86 185
car 0.99987936 25 126 463 310
