pottedplant 0.0067106425 490 246 498 266
pottedplant 0.0124698365 480 250 495 265
person 0.022182075 469 250 480 267
motorbike 0.0051481742 165 254 213 274
chair 0.012176294 176 254 213 273
car 0.005435534 292 251 334 272
car 0.0065451236 490 246 498 266
car 0.011623403 480 250 495 265
car 0.0153297065 305 253 359 271
car 0.017110398 235 252 312 275
car 0.021394946 294 243 350 270
car 0.022959737 204 252 249 276
car 0.05454149 381 255 436 269
car 0.114228174 176 254 213 273
car 0.8074139 216 243 338 273
bus 0.04134796 216 243 338 273
boat 0.008460148 216 243 338 273
bicycle 0.035405662 165 254 213 274
