sofa 0.010663922 305 117 474 375
sofa 0.1842677 7 131 204 375
sofa 0.2776078 77 115 250 346
person 0.006573139 201 74 267 209
person 0.011648929 97 142 235 295
person 0.8650652 188 89 263 313
person 0.9825253 26 115 232 360
person 0.99966305 284 94 458 375
diningtable 0.006584365 436 185 500 324
diningtable 0.07223893 232 139 432 375
diningtable 0.15610562 220 213 348 322
chair 0.006227662 436 185 500 324
chair 0.014621662 77 115 250 346
chair 0.020907182 0 294 142 375
chair 0.0610451 305 117 474 375
chair 0.17204551 0 206 197 375
bottle 0.008759661 318 204 350 262
bottle 0.050737806 311 200 351 227
bottle 0.06807063 331 204 353 237
