sofa 0.006212818 307 142 374 209
sofa 0.2956235 296 150 441 242
person 0.006096533 40 76 67 166
person 0.006375061 381 143 392 162
person 0.0077877054 316 142 394 262
person 0.009852298 325 139 375 167
person 0.01267495 0 60 11 335
person 0.04447643 306 135 378 186
person 0.05790793 358 140 379 166
person 0.098006636 2 43 30 348
person 0.94535375 1 32 59 324
diningtable 0.01843728 306 143 365 259
diningtable 0.020726698 322 149 459 240
diningtable 0.8029963 312 167 426 277
chair 0.0072327447 0 102 52 364
chair 0.0075726886 460 207 496 302
chair 0.007595392 15 254 85 368
chair 0.020726861 455 170 496 262
chair 0.023650566 447 167 500 338
chair 0.049274035 476 172 499 299
chair 0.8007442 306 160 341 269
chair 0.8127515 414 162 497 276
chair 0.9705671 336 176 411 285
