sheep 0.0058607855 365 321 455 372
sheep 0.007242132 433 319 500 375
sheep 0.010779419 207 315 361 375
sheep 0.023626769 383 304 500 375
sheep 0.046327822 441 255 478 286
sheep 0.08860646 255 331 347 375
sheep 0.89036494 433 329 498 375
sheep 0.97943777 254 210 458 367
person 0.9996242 0 104 298 374
motorbike 0.013926672 0 138 433 375
dog 0.006331296 255 331 347 375
dog 0.033480287 433 329 498 375
cow 0.011985727 445 255 482 286
cow 0.021917691 248 205 465 356
cow 0.04431943 255 331 347 375
cow 0.13084288 420 326 498 375
