pottedplant 0.012323709 229 77 265 165
person 0.01955406 490 111 499 178
person 0.020297848 479 169 495 218
person 0.030751387 476 87 499 126
person 0.03145717 147 154 167 172
person 0.060258776 490 159 499 226
person 0.06286639 304 68 337 146
person 0.10566634 0 132 29 213
person 0.15121002 306 80 366 234
person 0.1649472 473 83 498 161
person 0.24365538 436 140 474 218
person 0.26892537 476 129 498 228
person 0.3122041 3 126 45 194
person 0.43699098 253 97 296 172
person 0.5170333 143 149 173 178
person 0.6268992 452 137 489 224
person 0.6407653 457 85 492 162
person 0.820604 176 149 202 176
person 0.85408115 302 85 342 190
person 0.97258115 240 66 281 170
person 0.9910209 337 85 379 235
car 0.0065843696 228 79 301 159
car 0.0070759826 442 93 500 152
car 0.014431736 390 112 471 155
car 0.02840832 16 114 160 192
car 0.10869113 410 112 463 142
car 0.35732114 393 112 442 142
car 0.99690974 3 118 363 357
bicycle 0.010197049 419 129 454 195
