tvmonitor 0.0053999526 187 57 289 150
sofa 0.012786093 43 69 239 256
sofa 0.1957161 0 23 307 301
person 0.0050300714 293 29 351 143
person 0.005273349 139 56 171 111
person 0.0074068117 135 61 212 114
person 0.020373164 103 74 251 173
person 0.024769068 83 64 210 136
person 0.029296117 77 66 273 248
person 0.030162884 310 0 425 201
person 0.03409651 0 9 320 251
person 0.19997631 264 0 425 311
person 0.74668366 181 67 286 185
person 0.975853 9 61 212 314
dog 0.026559187 67 72 223 173
dog 0.031713784 156 73 289 185
dog 0.4900244 27 74 254 299
chair 0.008007323 43 69 239 256
chair 0.010088752 0 29 173 229
chair 0.012145542 1 40 99 149
chair 0.042036533 0 23 307 301
car 0.005533689 0 23 307 301
