sofa 0.015677163 261 212 355 258
sofa 0.03996094 229 227 364 350
sofa 0.9755373 10 218 189 335
diningtable 0.0052142045 261 212 355 258
diningtable 0.019219069 199 238 266 428
diningtable 0.02052702 278 256 347 384
diningtable 0.030308053 211 250 332 398
diningtable 0.39406306 241 244 358 492
diningtable 0.55986047 229 227 364 350
chair 0.0050528618 307 272 349 362
chair 0.00547477 300 224 361 375
chair 0.010696091 328 303 370 487
chair 0.011697095 258 224 331 374
chair 0.01324853 261 212 355 258
chair 0.018811237 336 251 371 345
chair 0.03799458 243 260 309 454
chair 0.10933347 15 207 185 327
chair 0.18286784 280 269 349 402
chair 0.19891994 245 289 361 496
chair 0.8849367 201 224 265 414
