pottedplant 0.005962135 0 0 62 96
pottedplant 0.016059402 101 1 140 64
pottedplant 0.15083744 68 4 139 73
person 0.079295486 213 83 235 110
person 0.08337857 434 98 477 187
person 0.08495662 430 52 464 78
person 0.11218865 218 89 254 122
person 0.12837082 304 106 338 165
person 0.16594768 173 114 232 237
person 0.18043672 472 110 499 243
person 0.22642334 314 104 359 172
person 0.23472135 412 45 446 74
person 0.24342589 247 91 268 124
person 0.2919433 187 111 225 196
person 0.30603784 220 99 258 171
person 0.40198156 443 95 496 224
person 0.41815913 313 117 388 273
person 0.42028686 117 124 241 258
person 0.7349427 198 106 236 175
person 0.7551236 308 109 371 213
person 0.9974347 13 20 239 268
person 0.9988856 0 157 137 365
person 0.99934405 305 127 497 375
diningtable 0.0055359025 224 127 356 232
diningtable 0.013272416 436 138 469 214
diningtable 0.016574003 429 95 485 214
diningtable 0.83704835 48 162 352 375
chair 0.024801657 455 128 493 227
chair 0.028809879 435 111 473 205
car 0.0055751014 1 54 62 105
car 0.005833603 187 84 227 108
car 0.007957428 22 74 65 96
car 0.008726066 0 64 45 94
car 0.009973293 0 5 62 79
bottle 0.0056331567 267 147 280 214
bottle 0.0063722893 439 143 452 205
bottle 0.0066734003 260 138 286 212
bottle 0.0066973036 258 105 267 126
bottle 0.006765682 461 124 469 145
bottle 0.007488654 259 154 272 212
bottle 0.009896108 257 108 271 138
bottle 0.01863028 268 111 281 139
bottle 0.055419926 277 116 286 151
bottle 0.07605393 262 113 269 136
bottle 0.21771604 279 113 284 141
bottle 0.22615743 272 115 279 139
