sheep 0.0053991103 0 112 11 179
sheep 0.0056401505 34 50 51 64
sheep 0.0057861493 13 46 53 68
sheep 0.01130323 121 50 159 87
sheep 0.011828797 111 51 131 83
sheep 0.012893342 102 48 121 83
sheep 0.017835224 80 47 120 72
sheep 0.025864515 118 57 144 93
sheep 0.12588188 0 51 42 119
sheep 0.562421 0 70 32 172
sheep 0.7158841 122 51 193 98
sheep 0.8613805 147 88 351 308
sheep 0.9995135 180 164 391 375
person 0.006400565 0 56 35 153
horse 0.007660381 0 70 32 172
dog 0.0347781 0 70 32 172
cow 0.026825374 0 51 42 119
cow 0.20388988 0 70 32 172
car 0.0070147538 470 49 499 69
