sheep 0.006818019 342 122 375 152
sheep 0.012929655 50 110 67 128
sheep 0.060729295 79 110 98 128
person 0.013725196 163 101 176 120
horse 0.0103887925 50 110 67 128
horse 0.021426933 79 109 112 129
horse 0.13687487 116 105 154 134
dog 0.0075480775 116 105 154 134
cow 0.005024315 139 159 187 234
cow 0.005319265 42 132 182 228
cow 0.0064196447 96 111 134 132
cow 0.0073513244 97 114 114 128
cow 0.009358032 0 153 43 243
cow 0.010888609 121 119 188 168
cow 0.012951745 155 146 196 225
cow 0.014252335 120 114 166 142
cow 0.042958822 194 152 266 216
cow 0.058102574 50 110 67 128
cow 0.16519962 309 213 375 335
cow 0.18860371 79 109 112 129
cow 0.26955912 116 105 154 134
cow 0.28401595 121 129 194 240
cow 0.37778372 0 132 81 268
cow 0.7350068 186 164 217 225
cow 0.77276933 249 167 370 330
cow 0.81155044 28 142 171 332
cow 0.8626089 159 109 274 222
