diningtable 0.0069404757 16 294 166 371
diningtable 0.015564036 388 262 479 324
diningtable 0.02291322 43 283 159 309
diningtable 0.8420865 305 268 498 363
chair 0.005153561 287 265 354 366
chair 0.0057256655 410 262 486 319
chair 0.0062202797 457 249 493 303
chair 0.006993405 341 293 445 364
chair 0.008596795 0 285 21 375
chair 0.008715798 259 273 405 358
chair 0.011508528 480 267 499 307
chair 0.012450597 331 271 369 303
chair 0.012692181 164 285 322 370
chair 0.016257463 4 321 59 375
chair 0.028084254 475 260 499 369
chair 0.035424717 441 262 497 367
chair 0.0753732 300 266 341 308
chair 0.11790593 387 266 479 365
chair 0.14431664 304 300 405 369
chair 0.27439487 126 285 235 375
bottle 0.007892458 179 76 190 131
boat 0.0059454883 50 275 95 301
boat 0.006966291 24 278 161 336
boat 0.014992715 59 278 125 300
boat 0.017056992 63 288 138 305
boat 0.73666227 19 284 161 309
aeroplane 0.02370906 19 284 161 309
