person 0.00513105 476 76 498 160
person 0.0066681686 478 110 500 240
person 0.007034994 438 120 498 332
person 0.014001853 1 47 62 263
person 0.019358201 0 20 172 248
person 0.046235617 0 229 202 332
person 0.049099866 68 116 141 234
person 0.18063945 251 76 351 323
person 0.59770644 0 27 86 165
person 0.9386882 417 103 494 245
person 0.9690016 2 115 195 298
person 0.9834782 271 77 355 197
diningtable 0.012920204 296 214 429 325
diningtable 0.07856974 251 192 402 303
chair 0.0055400147 296 214 429 325
chair 0.0057217055 226 229 361 327
chair 0.012389413 251 192 402 303
chair 0.012927499 251 76 351 323
chair 0.015564437 415 196 497 332
chair 0.039645188 254 158 291 231
chair 0.14727403 252 142 309 294
bottle 0.0052718716 384 187 392 212
bottle 0.005783736 371 185 390 215
bottle 0.0063610855 305 181 322 216
bottle 0.009570019 334 165 350 216
bottle 0.019678865 323 180 340 220
bottle 0.027254311 315 182 331 219
