person 0.041706048 381 41 417 72
person 0.04506583 99 38 122 75
person 0.04937592 479 12 500 84
person 0.057511777 358 33 381 56
person 0.07077971 0 13 12 64
person 0.08119823 284 23 321 55
person 0.09404904 424 37 446 80
person 0.10135357 155 29 180 67
person 0.12788509 136 29 161 69
person 0.20248397 440 38 469 97
person 0.20480695 416 57 442 94
person 0.22407387 107 25 145 76
person 0.24920811 0 18 21 145
person 0.32642096 342 34 366 58
person 0.35607222 22 28 67 83
person 0.39856586 0 15 25 78
person 0.45155874 367 31 393 58
person 0.4740492 447 42 482 122
person 0.5866067 475 32 500 131
person 0.63764477 53 22 111 77
car 0.005274121 32 4 50 13
car 0.0071133934 393 36 442 64
car 0.011358106 384 38 445 84
car 0.013319487 284 23 321 55
car 0.013904678 436 49 500 113
car 0.9998989 0 40 500 354
