sofa 0.007270033 376 135 420 170
sofa 0.017191315 104 150 251 309
pottedplant 0.0064440886 10 35 110 137
pottedplant 0.0071416534 237 105 273 167
pottedplant 0.015619866 241 104 320 166
pottedplant 0.020710794 3 87 52 303
pottedplant 0.31928116 372 68 413 141
pottedplant 0.39680117 6 33 107 269
pottedplant 0.42407548 91 75 127 111
pottedplant 0.519061 240 69 322 141
person 0.008385606 106 113 146 171
person 0.00861632 379 121 416 149
person 0.009325546 347 119 411 166
person 0.010266842 251 140 417 315
person 0.010666839 268 137 390 246
person 0.01420993 480 118 500 240
person 0.017469551 440 188 500 366
person 0.018924087 98 139 256 308
person 0.0239843 193 108 254 167
person 0.026481297 119 118 159 199
person 0.05387727 96 119 159 239
person 0.054668963 222 110 261 166
person 0.056762613 369 110 407 140
person 0.084813364 367 117 394 149
person 0.11494408 145 128 214 304
person 0.3107316 162 116 204 165
person 0.39772007 371 126 415 181
person 0.6812818 201 115 270 282
person 0.8027782 306 113 371 238
person 0.86564684 106 132 170 299
dog 0.045599703 312 258 494 358
dog 0.10063848 440 218 500 366
diningtable 0.0074573075 104 150 251 309
diningtable 0.009831106 376 135 420 170
diningtable 0.013806716 312 258 494 358
diningtable 0.050039887 207 142 368 242
diningtable 0.2437402 177 143 397 307
chair 0.0077708396 434 152 461 194
chair 0.008546143 372 135 414 210
chair 0.014696484 319 122 361 224
chair 0.027559442 430 149 462 243
chair 0.028380144 480 139 499 256
chair 0.04695712 104 150 251 309
chair 0.085128754 299 125 376 265
chair 0.24546812 364 145 432 289
chair 0.25839013 376 135 420 170
chair 0.4676673 178 159 264 308
chair 0.75682443 403 149 456 278
chair 0.9312219 99 141 161 295
chair 0.9678456 284 161 432 305
bottle 0.005102415 310 152 318 175
bottle 0.0082591325 300 149 307 175
