person 0.0051259827 123 162 161 229
person 0.0074264705 126 181 204 244
person 0.007570392 337 200 373 263
person 0.011212714 158 151 200 236
person 0.013918383 363 217 383 262
person 0.16076289 130 147 199 213
person 0.8981774 135 150 199 284
car 0.0064102504 0 187 45 216
car 0.022016296 317 186 398 252
car 0.02250509 1 165 28 223
car 0.024252143 98 165 191 220
car 0.026158258 0 173 11 231
car 0.05317997 0 169 58 218
car 0.094531216 130 147 199 213
car 0.56643754 262 166 406 237
car 0.86865836 65 167 154 217
car 0.90277946 204 168 286 214
bus 0.0069341403 0 152 57 212
bus 0.019143814 262 166 406 237
bicycle 0.79491466 112 220 213 315
