sofa 0.014985133 213 206 424 367
pottedplant 0.0055993693 281 105 430 201
pottedplant 0.020758988 398 94 456 155
person 0.005000047 471 96 497 183
person 0.0051889536 389 149 414 177
person 0.0054348893 417 156 435 188
person 0.005650306 488 159 498 204
person 0.0073505086 478 150 500 197
person 0.0073851044 409 159 427 187
person 0.009378 93 113 149 275
person 0.011415765 178 165 326 372
person 0.013182908 364 112 398 167
person 0.02043595 277 119 293 150
person 0.022601716 429 245 500 298
person 0.044660658 398 158 418 187
person 0.08137866 367 112 393 144
person 0.49596423 318 179 466 343
person 0.9425626 414 169 500 293
person 0.961983 179 84 289 308
person 0.98843193 38 123 101 314
person 0.990084 205 181 443 372
diningtable 0.0068138298 384 252 500 364
diningtable 0.0235213 292 202 497 370
chair 0.07615875 225 241 409 370
chair 0.18036066 34 175 104 326
