bird 0.0053934506 390 98 424 107
bird 0.0056810104 260 159 309 179
bird 0.005777078 257 130 310 152
bird 0.0068428405 247 154 262 169
bird 0.010112097 387 125 429 141
bird 0.010934991 378 87 400 115
bird 0.01202647 358 116 368 127
bird 0.046199545 134 166 200 201
bird 0.15316986 374 89 424 112
bird 0.18244085 351 86 408 108
aeroplane 0.025640365 246 181 301 202
aeroplane 0.026597291 241 130 264 140
aeroplane 0.034967918 387 125 429 141
aeroplane 0.036244363 279 138 306 148
aeroplane 0.047555074 373 176 426 200
aeroplane 0.048556335 248 173 316 210
aeroplane 0.06551879 387 151 426 169
aeroplane 0.072204545 358 116 368 127
aeroplane 0.081237845 242 153 286 174
aeroplane 0.088104084 240 127 255 139
aeroplane 0.09490956 236 130 294 149
aeroplane 0.13175343 363 176 424 219
aeroplane 0.1349458 374 89 424 112
aeroplane 0.13918206 247 154 262 169
aeroplane 0.15090778 270 186 317 208
aeroplane 0.16251227 236 126 277 144
aeroplane 0.19795236 270 162 314 180
aeroplane 0.40588325 351 86 408 108
aeroplane 0.53492 134 166 200 201
aeroplane 0.77522504 257 130 310 152
