train 0.0051501165 156 248 290 280
train 0.014501062 274 246 313 267
train 0.38411182 190 239 280 270
person 0.008192593 10 267 22 289
person 0.01310928 0 267 7 291
person 0.027029626 181 260 192 275
person 0.032970898 0 275 10 299
person 0.12185233 5 270 22 299
motorbike 0.008401374 0 268 13 304
motorbike 0.043261074 5 270 22 299
car 0.007688426 102 270 143 287
car 0.00813817 148 268 168 281
car 0.00837476 0 268 13 304
car 0.008902786 116 271 164 294
car 0.010432038 132 268 165 279
car 0.015519004 113 272 134 286
car 0.022621846 5 270 22 299
car 0.029922128 287 249 314 263
car 0.59130806 32 265 106 294
car 0.735686 274 246 313 267
car 0.9562296 114 265 166 284
bus 0.007655872 114 262 169 282
bus 0.012304237 156 248 290 280
bus 0.06323435 274 246 313 267
bus 0.5962008 190 239 280 270
boat 0.005061874 274 246 313 267
bicycle 0.008715097 8 275 20 298
