person 0.005235537 88 60 109 110
person 0.006040656 0 143 18 290
person 0.007065101 49 135 62 151
person 0.008689634 53 133 68 153
person 0.008954178 5 136 17 156
person 0.01136715 2 135 10 159
person 0.029498769 118 134 139 168
person 0.030555392 84 136 100 165
person 0.04446929 2 133 13 176
person 0.11714465 6 142 42 208
person 0.122944824 64 137 82 173
person 0.16770701 2 124 10 222
person 0.31890216 36 138 71 193
person 0.31894222 1 139 23 212
person 0.48343354 72 139 89 167
person 0.54181135 49 133 72 179
person 0.88175684 87 133 117 168
car 0.024561362 6 142 42 208
car 0.119026825 14 145 75 201
car 0.99998593 0 71 500 321
