train 0.9996239 0 156 143 402
train 0.9999951 133 141 305 373
person 0.0050228997 127 210 143 258
person 0.0073626 109 209 125 258
person 0.0090025 89 213 107 258
person 0.009758656 313 240 321 266
person 0.011606962 302 228 332 265
person 0.0143005205 330 229 343 264
person 0.02585286 318 230 331 263
person 0.03170027 303 241 309 265
person 0.038325302 357 243 369 265
person 0.04180008 297 239 303 267
person 0.16971806 294 231 307 263
person 0.25837174 301 229 312 264
person 0.7456009 311 229 324 264
car 0.047026314 348 245 368 262
