person 0.006006133 69 186 95 252
person 0.00857391 30 170 157 248
person 0.06038728 390 91 490 180
person 0.44667873 103 162 179 257
person 0.6186945 304 91 410 185
person 0.69773865 18 166 90 254
person 0.8317977 431 85 496 165
person 0.9982932 143 37 377 267
chair 0.0055927625 429 95 497 170
chair 0.008596553 18 166 90 254
bottle 0.0052793617 89 180 121 250
bottle 0.011525446 0 207 7 235
bottle 0.01646047 4 207 18 251
bottle 0.36361083 0 204 12 253
bottle 0.51858747 103 204 119 253
bottle 0.8461912 77 199 93 249
