pottedplant 0.005148235 386 132 448 188
pottedplant 0.0070207976 377 203 415 267
pottedplant 0.008449564 400 238 417 257
pottedplant 0.008836956 456 247 492 306
pottedplant 0.009628944 472 238 500 310
pottedplant 0.015266609 402 155 435 189
pottedplant 0.016231168 59 111 119 160
pottedplant 0.027281685 412 141 450 206
pottedplant 0.03603708 390 224 424 293
pottedplant 0.18511418 398 232 419 266
person 0.007797371 393 290 479 330
person 0.06711187 392 237 424 306
person 0.99556303 81 52 279 327
person 0.9991297 248 101 471 333
bottle 0.0058529195 440 260 470 318
bottle 0.0062350035 431 272 465 299
bottle 0.0073227407 455 255 489 322
bottle 0.008841474 444 275 455 299
bottle 0.010469195 392 237 424 306
bottle 0.04946535 442 261 459 298
bottle 0.30355394 447 268 463 302
