person 0.09723739 285 164 310 242
person 0.10412401 199 176 217 211
person 0.17695947 385 59 409 94
person 0.18200323 105 178 113 210
person 0.18548492 207 172 238 231
person 0.21429223 85 178 94 208
person 0.25158653 340 72 363 120
person 0.4036191 98 176 106 209
person 0.48278105 2 142 91 329
person 0.53740966 226 166 244 235
person 0.7437994 242 164 268 237
person 0.7552836 454 159 487 266
person 0.8275569 381 153 408 254
person 0.90838087 474 162 498 268
person 0.91360736 297 161 328 245
person 0.94680494 325 153 362 245
person 0.9715254 391 154 422 256
person 0.9819875 267 161 296 239
person 0.98643994 363 153 393 251
person 0.9922104 438 157 474 267
car 0.00755597 309 159 371 235
car 0.010349879 189 173 228 233
car 0.43771318 121 177 225 256
