sofa 0.006782135 0 165 97 307
sofa 0.20140891 278 173 464 270
sofa 0.8598365 221 173 500 371
pottedplant 0.084787846 166 117 228 172
diningtable 0.0056577995 0 165 97 307
diningtable 0.0062066917 164 126 231 181
diningtable 0.01659699 119 159 285 240
diningtable 0.24144314 107 163 300 357
chair 0.0050730533 452 108 500 247
chair 0.0057884594 328 145 468 246
chair 0.0130369635 207 128 272 180
chair 0.01427502 3 170 92 227
chair 0.014409247 459 116 498 193
chair 0.1414278 278 173 464 270
chair 0.4281682 0 165 97 307
chair 0.98739374 209 217 498 366
