train 0.008691631 89 213 146 237
train 0.011507489 190 213 209 225
train 0.85723907 209 193 301 251
person 0.0056276345 258 273 267 293
chair 0.032738023 1 372 134 495
car 0.007586844 297 169 317 190
car 0.0077429838 293 180 309 190
car 0.056400683 298 178 314 190
car 0.11411317 316 205 335 220
car 0.12600042 190 213 209 225
car 0.2725751 314 198 358 222
car 0.32000694 328 198 365 233
car 0.33798602 343 209 366 236
bus 0.0071830805 314 198 358 222
bus 0.007900221 89 213 146 237
bus 0.009126742 190 213 209 225
bus 0.024261603 328 198 365 233
bus 0.07588284 209 193 301 251
boat 0.0062892684 190 213 209 225
boat 0.015194078 212 187 297 234
