pottedplant 0.0053485623 324 97 352 140
pottedplant 0.0066820574 403 186 411 215
pottedplant 0.008308351 303 95 370 138
pottedplant 0.009010142 414 136 428 147
pottedplant 0.013111551 412 115 430 149
pottedplant 0.013502379 310 103 333 141
pottedplant 0.013555172 361 95 395 141
pottedplant 0.01672592 395 180 425 254
pottedplant 0.07258273 290 97 313 137
pottedplant 0.091213234 401 178 414 227
pottedplant 0.42570546 295 93 331 138
pottedplant 0.6357982 336 98 367 139
pottedplant 0.8362844 374 96 415 144
dog 0.0106543675 329 164 397 306
cat 0.97220373 337 164 403 307
bottle 0.005661198 11 148 40 218
bottle 0.006622362 443 195 467 273
bottle 0.05319743 47 141 63 203
