person 0.006818557 297 176 315 212
person 0.006919639 2 199 18 305
person 0.009263055 0 177 7 247
person 0.03926755 0 193 6 286
person 0.09874691 104 215 120 244
horse 0.022696579 104 215 120 244
cow 0.016371926 104 215 120 244
car 0.008638452 0 173 8 232
car 0.009351822 51 185 73 200
car 0.02170527 455 202 479 234
car 0.032384623 0 185 7 275
car 0.035923135 0 192 20 279
car 0.046529666 336 196 383 228
car 0.15167266 457 193 497 239
car 0.96787685 10 196 72 260
car 0.97156733 344 189 443 235
car 0.9799541 192 174 287 236
bus 0.016519904 347 185 441 226
bus 0.021431122 209 174 295 231
bicycle 0.007842328 104 215 120 244
