train 0.012963214 176 26 466 374
sofa 0.0058606924 185 130 457 374
pottedplant 0.0067141107 103 214 131 250
pottedplant 0.007999382 118 182 222 270
pottedplant 0.018092887 436 248 497 374
pottedplant 0.024180532 43 211 63 266
pottedplant 0.028343756 415 201 437 237
pottedplant 0.032910656 50 209 72 266
pottedplant 0.06607098 0 211 64 270
pottedplant 0.068692446 31 215 65 285
pottedplant 0.14093684 407 159 443 236
pottedplant 0.38997844 96 211 139 267
person 0.0084719155 172 203 232 258
person 0.011928735 157 196 201 271
person 0.014553921 196 202 215 220
person 0.023860436 121 219 203 337
person 0.1324343 141 191 215 247
person 0.6303033 134 181 198 291
person 0.7038002 185 201 224 239
person 0.9997271 180 77 449 374
diningtable 0.0060819 185 130 457 374
diningtable 0.009565396 2 221 45 324
chair 0.0050150133 31 215 65 285
chair 0.0057147723 118 182 222 270
chair 0.007979229 0 211 64 270
chair 0.01154343 145 190 213 316
chair 0.012212906 185 130 457 374
chair 0.0124530075 161 209 203 297
chair 0.013745488 0 238 24 343
chair 0.023675155 2 211 29 301
chair 0.056283552 99 217 140 279
chair 0.57274246 0 215 53 328
chair 0.9265376 119 235 200 352
car 0.0074778246 185 130 457 374
car 0.030014278 317 153 332 167
car 0.03704048 312 154 351 171
