sofa 0.010229305 6 210 246 370
pottedplant 0.014379523 4 5 112 112
pottedplant 0.016355291 69 4 107 50
pottedplant 0.03954816 27 6 106 53
pottedplant 0.042678896 450 53 487 95
pottedplant 0.15830864 9 17 91 73
person 0.008120477 148 151 290 222
person 0.01020371 490 150 500 216
person 0.010968263 0 161 6 243
person 0.012628273 0 208 451 373
person 0.0152616855 122 95 166 179
person 0.017875535 479 148 500 252
person 0.023671173 0 166 21 305
person 0.025551477 256 155 305 231
person 0.026489278 478 178 498 326
person 0.033596423 89 120 137 194
person 0.035707746 424 58 444 91
person 0.051806692 60 185 272 268
person 0.25124425 0 153 28 246
person 0.28480536 456 145 500 291
person 0.61724454 91 87 160 192
person 0.6979757 318 144 410 249
person 0.73076195 108 145 184 218
person 0.74305826 362 98 400 149
person 0.8616722 214 137 299 229
person 0.9961308 9 163 255 365
diningtable 0.03005319 145 224 433 312
diningtable 0.045423653 32 189 383 358
diningtable 0.5962932 146 231 500 375
chair 0.005576115 74 150 140 209
chair 0.0063773044 89 120 137 194
chair 0.0068045673 36 176 240 274
chair 0.0104428055 1 172 18 338
chair 0.010904529 84 164 125 224
chair 0.011358307 154 154 213 206
chair 0.020020064 0 243 59 375
chair 0.07397722 106 156 187 223
chair 0.07731741 2 254 126 369
chair 0.21774696 242 158 307 226
chair 0.94527024 6 210 246 370
bottle 0.0066240276 479 314 496 359
bottle 0.010628847 452 278 490 347
bottle 0.014049128 114 194 129 227
bottle 0.015844459 441 59 458 92
bottle 0.020419942 239 183 252 221
bottle 0.020795297 492 257 499 359
bottle 0.036023144 424 58 444 91
bottle 0.16286656 480 261 499 365
bottle 0.31667694 404 215 432 302
bottle 0.6243241 330 255 354 329
bottle 0.78496563 417 222 439 317
