person 0.006617563 1 0 18 65
person 0.012254826 210 0 224 42
person 0.19518578 0 0 9 61
motorbike 0.006190148 202 21 448 114
motorbike 0.006456632 438 0 476 34
motorbike 0.0067845606 478 45 500 151
motorbike 0.007818755 247 0 394 51
motorbike 0.008634133 0 6 9 69
motorbike 0.33530748 441 0 500 140
motorbike 0.8418145 344 1 484 123
motorbike 0.99835604 33 34 458 238
car 0.0061540985 441 0 500 140
car 0.007507868 304 0 438 65
car 0.017558087 438 0 476 34
car 0.019300811 0 6 9 69
car 0.043608975 438 0 500 46
car 0.24001949 344 0 477 89
car 0.57589364 240 2 357 40
bicycle 0.009742127 0 6 9 69
