pottedplant 0.010192091 179 205 267 375
pottedplant 0.011349217 51 181 59 199
pottedplant 0.013291679 339 155 372 234
pottedplant 0.014173728 382 214 408 291
pottedplant 0.01575955 34 166 52 199
pottedplant 0.016391011 391 217 409 263
pottedplant 0.017187504 313 175 330 205
pottedplant 0.017544331 0 152 9 318
pottedplant 0.01925021 372 190 391 230
pottedplant 0.022952687 135 265 178 358
pottedplant 0.024282526 54 167 69 200
pottedplant 0.027265958 383 216 400 265
pottedplant 0.045491688 57 174 66 194
pottedplant 0.05199055 400 217 424 292
pottedplant 0.09450698 398 222 419 260
pottedplant 0.10019064 376 165 411 265
pottedplant 0.5652615 14 226 53 324
pottedplant 0.6272874 204 301 268 372
pottedplant 0.8397764 332 173 392 375
pottedplant 0.9599281 124 169 177 375
person 0.06279423 70 234 104 349
person 0.9886337 43 214 99 374
