sofa 0.022082167 185 151 465 371
sofa 0.1013541 21 101 218 291
person 0.30176866 28 110 175 213
person 0.87040395 6 95 200 289
person 0.9909184 173 101 419 363
diningtable 0.008982586 192 210 474 375
diningtable 0.0128308125 174 82 500 375
chair 0.005158044 235 289 438 375
chair 0.006249771 399 199 467 347
chair 0.006666826 197 103 444 297
chair 0.007811576 328 204 475 331
chair 0.012253648 222 166 304 220
chair 0.1024963 43 120 203 238
chair 0.72266895 147 124 494 375
chair 0.9762629 13 110 226 335
chair 0.99542314 248 214 471 375
bottle 0.010191976 9 102 43 171
bottle 0.30024505 15 100 29 149
