pottedplant 0.0050360793 90 80 98 97
pottedplant 0.005241951 80 88 98 124
pottedplant 0.0053091464 67 77 95 129
pottedplant 0.0077354247 87 87 97 102
pottedplant 0.011036536 66 88 81 102
pottedplant 0.013805392 95 78 102 99
pottedplant 0.0145303365 70 97 90 127
pottedplant 0.030650927 75 89 89 104
pottedplant 0.032800734 62 82 84 115
pottedplant 0.20611489 56 89 90 123
diningtable 0.009448237 98 174 469 360
cow 0.007300119 159 172 422 274
cow 0.008510836 103 174 228 296
cow 0.99995697 121 172 453 369
