sheep 0.0054614604 89 152 112 164
sheep 0.005474668 301 171 333 232
sheep 0.015180193 80 149 119 167
person 0.06479986 344 142 372 238
person 0.95389855 347 94 415 210
horse 0.005397995 117 162 206 233
horse 0.016737627 226 183 247 227
horse 0.02241295 50 168 94 235
horse 0.051758632 80 149 119 167
horse 0.05903803 344 142 372 238
horse 0.17996155 301 171 333 232
horse 0.9700294 354 132 420 255
dog 0.016875291 301 171 333 232
cow 0.0050327806 81 152 104 176
cow 0.0055357595 84 155 100 170
cow 0.00598494 90 156 110 169
cow 0.0063483594 215 183 237 227
cow 0.006391589 102 153 119 163
cow 0.007936237 166 132 184 163
cow 0.017261395 169 141 240 236
cow 0.03005138 89 152 112 164
cow 0.07582054 226 183 247 227
cow 0.1960065 219 164 252 223
cow 0.29567933 117 162 206 233
cow 0.34994107 80 149 119 167
cow 0.424907 196 163 239 227
cow 0.45628512 301 171 333 232
cow 0.8734183 50 168 94 235
bus 0.005340495 52 167 109 236
