train 0.020319153 43 134 248 225
person 0.007120655 215 196 242 262
person 0.007224781 397 194 418 243
person 0.010453915 64 193 80 244
person 0.015791414 371 178 384 243
person 0.034775484 384 212 418 283
person 0.0349689 488 192 499 266
person 0.043748006 381 184 397 240
person 0.047268216 416 172 439 253
person 0.048821986 62 187 76 218
person 0.05170356 87 189 111 270
person 0.068011016 57 189 69 214
person 0.26738828 478 178 499 258
person 0.32910138 382 179 407 262
person 0.60271186 442 174 464 251
person 0.8241031 365 169 378 248
person 0.82846004 224 196 254 259
person 0.9208095 393 187 428 280
person 0.9707689 78 187 102 265
person 0.9915757 164 190 190 288
person 0.9952136 115 196 145 284
horse 0.008875477 56 189 72 215
cow 0.009532712 56 189 72 215
car 0.007203043 304 185 354 213
bus 0.9884891 50 130 273 232
