sofa 0.0075767282 337 148 456 370
person 0.005356465 149 148 431 370
person 0.006061921 29 159 238 355
person 0.0070403293 487 76 500 119
person 0.0070864647 453 90 478 122
person 0.008065087 445 80 465 114
person 0.009949576 478 81 498 114
person 0.011032906 480 93 499 225
person 0.017999187 488 80 499 150
person 0.02329049 480 89 498 141
person 0.04229283 440 78 457 113
person 0.09392196 339 121 457 354
person 0.2192486 289 124 381 267
person 0.5977425 74 131 168 296
person 0.7973254 14 153 122 365
person 0.88715374 267 111 400 346
person 0.94863176 119 128 199 258
diningtable 0.012953445 80 286 269 375
diningtable 0.97524846 60 172 351 374
chair 0.005634771 122 143 197 276
chair 0.009866956 401 194 461 352
chair 0.31444028 337 148 456 370
chair 0.41349998 292 238 445 375
bottle 0.005475469 210 223 234 287
bottle 0.005849876 293 155 309 206
bottle 0.0062801624 308 158 314 182
bottle 0.0089822505 297 141 306 164
bottle 0.018403005 192 221 214 288
bottle 0.021953098 171 210 191 285
bottle 0.025673658 299 151 307 177
bottle 0.05500771 169 198 185 264
bottle 0.081871845 206 228 223 287
bottle 0.19227977 296 141 308 186
