person 0.005625599 47 23 60 35
person 0.010307012 1 14 6 44
person 0.019941308 0 10 8 67
car 0.009875676 47 16 128 59
car 0.009890499 1 14 6 44
car 0.011349079 63 17 79 26
car 0.0142733175 68 13 115 31
car 0.017954715 297 29 345 47
car 0.018371979 488 38 499 95
car 0.022365727 0 13 7 82
car 0.03132291 443 32 497 92
car 0.041245185 16 20 164 114
car 0.043045223 54 22 68 35
car 0.060565256 47 23 60 35
car 0.073809326 360 29 397 50
car 0.087206 145 20 190 40
car 0.10822741 472 30 498 90
car 0.14560457 73 16 127 40
car 0.25382683 60 17 104 41
car 0.26918498 0 20 92 131
car 0.3609557 66 14 178 46
car 0.67569387 382 23 485 89
car 0.99985695 0 65 500 370
