person 0.0053010113 150 215 167 230
boat 0.01657358 147 209 169 235
boat 0.019148001 165 246 208 273
boat 0.020205995 188 249 228 275
boat 0.020481735 85 138 165 185
boat 0.025759317 86 170 135 194
boat 0.026721662 150 215 167 230
boat 0.027153466 187 284 226 346
boat 0.031943988 199 249 236 306
boat 0.03836303 137 214 197 260
boat 0.03844762 191 278 240 303
boat 0.06214003 148 233 220 273
boat 0.06465505 195 280 220 311
boat 0.07494153 67 156 146 197
boat 0.079215616 97 179 144 200
boat 0.08406857 212 275 257 305
boat 0.09189935 143 218 178 244
boat 0.11512579 72 163 132 185
boat 0.2967228 185 317 207 354
boat 0.4274453 180 321 234 354
boat 0.42804202 123 201 155 223
