car 0.0060123107 305 285 322 314
car 0.008764872 387 278 396 301
car 0.016351555 251 288 276 324
car 0.027223323 209 287 244 315
car 0.033949073 282 283 308 318
car 0.035629977 400 271 437 294
car 0.041823372 391 279 405 298
car 0.051482666 399 280 419 294
car 0.054494683 408 279 430 292
car 0.07489507 419 278 439 291
car 0.10036355 320 265 385 316
car 0.12086416 428 278 447 291
car 0.21004458 217 283 248 332
car 0.28953314 390 277 429 296
car 0.37798235 320 280 360 318
car 0.490167 244 284 308 324
car 0.5903534 441 269 500 328
bus 0.00782114 354 251 384 309
bus 0.05609064 437 273 499 343
bus 0.5782852 320 265 385 316
bus 0.99206567 8 230 216 374
boat 0.008586048 437 273 499 343
