person 0.005313116 45 198 85 258
person 0.0058693658 96 191 198 237
person 0.0067359223 94 197 106 222
person 0.008066379 38 191 71 242
person 0.011210376 12 50 189 333
person 0.011351011 158 188 202 220
person 0.012986956 151 194 217 242
person 0.015447118 62 204 99 231
person 0.02854342 87 0 156 173
person 0.029457733 54 191 89 221
person 0.041900348 50 193 114 234
person 0.10488626 74 169 143 224
person 0.11537919 58 146 199 232
person 0.13080965 173 196 220 271
person 0.19942917 172 193 206 229
person 0.4644978 73 192 108 227
person 0.83451587 108 158 177 224
person 0.9405458 46 196 80 230
person 0.9544967 184 158 331 366
boat 0.005447183 290 178 311 188
boat 0.005717222 269 173 315 189
boat 0.0091243675 69 163 270 270
boat 0.009775984 410 277 499 344
boat 0.014764528 331 288 481 370
boat 0.021311374 174 226 474 370
boat 0.02804921 365 286 459 347
boat 0.053151328 58 146 199 232
boat 0.081713565 290 258 442 362
boat 0.12836345 192 161 358 371
boat 0.21759795 2 76 348 375
