person 0.99788266 58 89 204 375
person 0.99953634 187 29 477 375
diningtable 0.005730804 230 14 500 375
chair 0.008441821 182 166 401 375
chair 0.01209355 158 14 448 375
bottle 0.0051557324 410 40 426 78
bottle 0.0052173524 246 30 266 68
bottle 0.005874911 401 15 411 41
bottle 0.007000702 414 322 493 373
bottle 0.008858971 118 22 139 57
bottle 0.009599085 378 22 400 57
bottle 0.012306752 352 41 375 79
bottle 0.013271701 174 29 188 67
bottle 0.014045729 369 36 389 76
bottle 0.01525063 400 30 414 80
bottle 0.2505052 382 17 408 79
bottle 0.49627304 397 14 412 62
