sheep 0.0058306386 309 319 332 330
sheep 0.005896753 307 311 355 327
sheep 0.0067861783 463 184 475 195
sheep 0.007751038 17 213 30 221
sheep 0.012674685 244 194 263 201
sheep 0.014778758 243 181 280 201
sheep 0.015385781 17 202 34 210
sheep 0.016428456 24 201 41 210
sheep 0.018003378 456 320 475 332
sheep 0.02487224 468 184 480 194
sheep 0.04071751 6 248 26 294
sheep 0.082127444 15 203 48 216
sheep 0.108859554 299 315 345 333
sheep 0.1945275 432 317 479 334
sheep 0.25793839 21 205 39 215
sheep 0.32891124 116 198 129 207
sheep 0.52977353 67 207 85 223
sheep 0.5453824 241 187 269 202
sheep 0.7007674 16 205 35 220
sheep 0.9919602 314 224 346 250
cow 0.0053314194 241 187 269 202
cow 0.0067502214 116 198 129 207
cow 0.0076842993 16 205 35 220
