person 0.005606116 495 209 499 243
person 0.0072539737 432 200 440 215
person 0.01503887 425 195 432 211
person 0.016404536 492 196 500 240
person 0.96566516 8 194 38 272
car 0.0051484113 399 199 406 223
car 0.0052742576 452 202 465 214
car 0.0054398086 495 209 499 243
car 0.0059701484 0 196 6 224
car 0.0076346635 451 201 482 217
car 0.010153837 0 183 10 237
car 0.016746791 425 195 432 211
car 0.022637106 63 204 116 233
car 0.025033422 401 201 411 222
car 0.026054827 491 198 499 222
car 0.084305495 492 196 500 240
car 0.16346185 455 201 474 212
car 0.22466916 100 197 126 227
car 0.22813296 398 202 411 233
car 0.7606885 29 203 106 237
bus 0.006756469 425 195 432 211
bus 0.012669074 490 188 500 234
bus 0.022290973 399 193 412 229
bus 0.999803 189 43 408 305
