sofa 0.005485994 302 118 434 209
pottedplant 0.2442075 446 45 496 129
person 0.1802665 202 105 225 139
person 0.22300902 369 96 392 133
person 0.22722985 455 102 489 195
person 0.24794835 405 97 431 134
person 0.25955814 344 100 407 207
person 0.27805772 298 103 336 161
person 0.2798497 109 114 147 167
person 0.3060154 141 106 162 139
person 0.30648115 322 105 357 188
person 0.34497836 116 116 141 150
person 0.3807668 196 111 235 183
person 0.3851153 394 98 435 195
person 0.40723923 329 99 353 131
person 0.48488986 167 105 187 136
person 0.50897473 280 110 350 199
person 0.57614434 184 122 256 248
person 0.5827721 395 111 472 227
person 0.5867769 453 104 475 142
person 0.82800627 58 125 105 179
person 0.9372643 3 138 84 274
diningtable 0.0054134135 57 158 156 208
diningtable 0.007850557 346 133 467 227
diningtable 0.021030398 141 119 222 179
diningtable 0.031305823 113 140 218 193
diningtable 0.03724101 44 181 164 298
diningtable 0.17108387 344 112 405 227
diningtable 0.3235439 302 118 434 209
diningtable 0.96593904 59 143 228 263
chair 0.009547721 430 140 473 225
chair 0.012511078 234 114 277 211
chair 0.030381085 318 115 357 208
chair 0.033018794 392 116 436 211
chair 0.038903702 266 124 303 207
chair 0.03903777 335 118 372 211
chair 0.069992915 458 121 490 206
chair 0.4354273 62 192 157 306
chair 0.8727011 1 188 83 301
chair 0.924469 282 133 344 208
chair 0.95324886 346 135 398 226
chair 0.96940815 399 129 473 241
chair 0.97850174 185 164 272 286
bottle 0.005993189 99 160 105 180
bottle 0.0060632993 179 143 193 182
bottle 0.007543373 394 116 404 135
bottle 0.00771633 103 145 116 178
bottle 0.009341799 100 153 107 173
bottle 0.010327799 174 122 182 139
bottle 0.01244392 183 144 190 163
bottle 0.015375131 155 122 163 140
bottle 0.016717186 184 123 192 140
bottle 0.037311487 106 151 113 173
bottle 0.05779608 166 123 174 139
