person 0.005909399 319 70 328 95
person 0.0059705223 324 64 335 89
person 0.006898414 33 38 48 75
person 0.0078044287 28 38 40 58
person 0.008889606 318 65 332 102
person 0.009115863 2 40 23 73
person 0.03042621 15 37 46 90
person 0.19936024 324 64 339 104
person 0.29313412 295 63 311 90
person 0.5268368 26 39 42 74
car 0.0062824297 0 83 8 107
car 0.007868621 197 104 255 126
car 0.00856 166 98 401 164
car 0.012775201 180 120 269 181
car 0.017069006 144 108 296 165
car 0.030580547 62 127 302 215
car 0.03505404 1 69 43 103
car 0.06797925 168 115 318 197
car 0.758287 183 103 289 141
car 0.9880063 1 103 71 185
car 0.9883733 298 107 428 194
car 0.99981177 47 129 325 299
