pottedplant 0.005192924 4 116 163 311
person 0.0057724766 473 133 500 373
person 0.0071168803 452 212 500 372
person 0.0075841136 474 234 500 351
person 0.009288811 5 109 135 317
person 0.02054618 420 45 458 73
person 0.030967297 365 41 422 86
person 0.06655478 415 45 485 85
person 0.99990296 124 0 432 358
diningtable 0.0068814554 32 0 408 330
diningtable 0.47092387 12 118 154 275
chair 0.031373892 0 113 60 278
chair 0.04871961 115 42 444 373
chair 0.56896025 3 118 136 278
bottle 0.00804984 471 159 486 220
bottle 0.023963107 482 133 499 254
bottle 0.041606028 491 131 498 234
bottle 0.09250585 479 157 495 226
