train 0.008059704 10 140 475 333
person 0.005334435 391 134 409 166
person 0.006034631 11 153 40 235
person 0.00631734 362 130 381 160
person 0.006940747 369 130 389 160
person 0.0070830984 457 134 493 174
person 0.0085423915 2 150 22 192
person 0.011412873 121 129 157 155
person 0.01460414 474 130 496 226
person 0.018781308 16 162 37 199
person 0.02238943 141 133 176 171
person 0.022633195 1 112 22 202
person 0.028820653 336 135 352 168
person 0.03126332 342 133 357 168
person 0.033127647 1 122 10 200
person 0.051540554 489 123 500 182
person 0.60300887 456 132 490 222
car 0.005291378 226 127 264 144
car 0.006967767 130 130 168 155
car 0.0093542505 221 130 269 151
car 0.0098656025 178 123 269 162
car 0.017373774 181 135 291 174
car 0.9737034 19 153 391 318
boat 0.3309481 0 148 429 328
