train 0.010203877 194 145 221 178
train 0.014168295 190 140 240 169
train 0.028187992 242 139 288 169
train 0.10932884 4 123 45 195
train 0.25466475 347 141 392 170
train 0.7054022 264 143 333 178
train 0.9985698 43 93 204 225
person 0.011186936 1 147 8 176
person 0.02402458 411 167 431 200
person 0.026945502 1 140 11 201
car 0.008663865 1 150 10 211
car 0.009055904 445 173 469 205
car 0.4023083 467 163 500 215
bus 0.030477297 276 145 331 180
bus 0.053893693 347 141 392 170
bicycle 0.011333365 397 173 438 205
