sofa 0.0069043515 303 128 433 238
pottedplant 0.019294154 299 127 422 235
person 0.006075877 302 165 463 345
diningtable 0.016510962 303 128 433 238
diningtable 0.42011428 98 177 377 355
diningtable 0.99974054 0 218 475 338
chair 0.0054953615 348 284 445 349
chair 0.0060937093 216 227 401 356
chair 0.008230307 454 207 473 349
chair 0.019588603 417 211 474 344
chair 0.023590855 293 184 381 356
chair 0.027626133 199 175 258 224
chair 0.07365525 302 165 463 345
chair 0.14370954 25 187 103 335
chair 0.1647147 299 127 422 235
chair 0.52830213 26 186 106 232
chair 0.6756548 298 194 381 247
chair 0.7388112 120 224 343 356
chair 0.95599204 30 225 163 356
chair 0.9668526 345 232 469 355
