person 0.0055539035 316 54 319 129
person 0.0065219444 314 71 319 89
person 0.0071712937 248 49 320 146
person 0.00997749 307 60 319 89
person 0.011006573 303 61 319 240
person 0.015058346 312 83 319 240
person 0.015392033 0 19 16 240
person 0.018179817 267 40 316 84
person 0.01904765 219 49 237 100
person 0.02412925 310 43 319 161
person 0.030865533 312 63 320 96
person 0.11919664 210 50 225 100
person 0.31580845 276 41 320 186
person 0.8902622 55 49 119 240
person 0.9622823 239 64 318 238
person 0.99298275 101 43 174 240
person 0.9944635 161 66 241 237
person 0.99693 0 46 68 240
bottle 0.0100278435 219 49 237 100
bottle 0.034471463 210 50 225 100
