sofa 0.61191463 275 115 451 302
sofa 0.99208534 21 101 258 250
pottedplant 0.0050069625 255 135 274 172
pottedplant 0.006006762 456 95 493 181
pottedplant 0.0072630066 445 153 490 188
pottedplant 0.0075465986 480 98 498 218
pottedplant 0.0113837635 451 62 493 140
pottedplant 0.012447742 452 90 486 124
pottedplant 0.023487568 443 54 498 223
pottedplant 0.025610223 426 146 489 211
pottedplant 0.026659576 436 129 498 268
pottedplant 0.040350836 441 106 455 126
pottedplant 0.415809 249 121 315 172
person 0.0053083478 267 114 417 263
chair 0.14469947 217 82 254 155
chair 0.54519105 269 100 451 278
cat 0.010100679 267 114 417 263
