train 0.05628238 291 131 458 225
train 0.39015967 275 94 500 324
person 0.0057067103 312 189 332 210
person 0.007019705 435 180 460 209
person 0.007645916 321 202 340 221
person 0.00806939 348 174 371 212
person 0.008322331 325 208 339 228
person 0.008442791 291 131 458 225
person 0.009178619 358 193 404 227
person 0.009525892 301 194 336 263
person 0.010713723 320 203 359 231
person 0.012244905 488 184 500 234
person 0.013088554 341 176 411 227
person 0.0137070455 454 185 476 218
person 0.021712067 355 186 379 222
person 0.027118078 304 187 326 220
person 0.046407733 340 179 362 222
person 0.047062438 410 193 432 221
person 0.6498188 343 191 380 232
person 0.66967595 377 191 418 229
person 0.72481865 428 186 468 227
person 0.8542266 305 191 339 230
motorbike 0.0066809384 407 278 492 333
car 0.0072567067 285 132 500 332
car 0.16572507 407 278 492 333
boat 0.036385193 275 94 500 324
