person 0.0063707014 334 133 371 166
person 0.0069482448 189 192 202 211
person 0.0075726025 177 199 201 237
person 0.008539096 312 126 333 159
person 0.008571135 304 124 321 159
person 0.009676357 207 171 222 193
person 0.010175896 373 142 384 162
person 0.011808542 197 177 217 222
person 0.012384147 364 142 378 161
person 0.014157384 200 181 228 244
person 0.014942236 203 169 215 194
person 0.017593812 341 127 363 159
person 0.017778238 61 190 83 228
person 0.022110911 350 128 370 159
person 0.022828769 368 126 386 162
person 0.041869402 205 171 224 210
person 0.053392615 186 192 206 228
person 0.08108039 353 135 386 165
person 0.11968556 185 185 218 239
person 0.14457619 360 127 381 160
car 0.006312617 44 181 96 202
car 0.006353463 460 177 491 199
car 0.0072366376 432 181 444 197
car 0.019668672 467 179 483 197
car 0.10912968 441 182 457 197
bus 0.999796 225 76 418 255
boat 0.0068066223 49 188 89 214
bicycle 0.010323956 186 214 225 244
