sofa 0.006564077 86 187 277 387
sofa 0.006631678 287 123 468 400
sofa 0.05138119 1 122 184 400
sofa 0.10778675 16 94 483 388
person 0.007050739 46 336 130 400
person 0.012206449 54 83 298 318
person 0.013318204 84 108 491 380
person 0.016241342 26 65 174 182
person 0.017103985 194 199 284 266
person 0.020390667 145 196 289 297
person 0.03349575 189 111 456 292
person 0.3666134 164 99 321 288
person 0.96213186 121 193 298 384
person 0.9963389 6 85 182 391
person 0.9987793 302 101 490 395
chair 0.0071055745 267 106 472 308
chair 0.028379401 3 47 189 283
chair 0.13737106 1 122 184 400
boat 0.0061824047 84 108 491 380
