pottedplant 0.0077580246 159 106 199 175
pottedplant 0.021175377 114 127 171 268
pottedplant 0.07291728 143 123 184 195
person 0.0059462083 165 123 410 322
person 0.018843822 0 9 53 375
person 0.02270989 380 156 494 372
person 0.87831724 149 72 277 317
person 0.99857694 247 67 481 331
person 0.998911 0 1 266 374
diningtable 0.020911153 229 154 500 366
chair 0.0057048537 164 296 418 369
chair 0.0068490724 113 159 312 364
chair 0.01103001 323 155 491 369
chair 0.21035218 165 186 407 357
chair 0.31439495 200 99 470 330
