bird 171 124 244 280
bird 322 206 394 276
bird 216 144 286 227
bird 288 147 326 213
bird 89 174 122 236
bird 110 170 134 214
bird 68 133 101 181
bird 61 114 82 151
bird 16 124 38 163
bird 7 90 28 120
bird 27 87 55 125
bird 95 96 116 138
bird 109 74 135 110
bird 138 78 156 115
bird 178 76 196 119
bird 249 85 273 117
bird 259 103 278 137
bird 300 95 323 135
bird 323 127 347 165
bird 318 111 337 140
bird 256 129 299 173
bird 399 112 421 156
bird 374 152 400 197
bird 373 135 390 170
bird 424 138 446 174
bird 463 149 493 201
bird 345 121 380 165
bird 203 73 238 106
bird 482 244 500 269
bird 440 171 475 202
bird 320 160 339 204
bird 327 96 356 123
