bottle 461 61 500 255
bottle 475 1 500 85
bottle 365 1 486 261
bottle 381 1 476 67
bottle 270 1 376 257
bottle 288 1 383 73
bottle 254 1 289 70
bottle 175 1 273 245
bottle 153 1 195 55
bottle 81 1 177 230
bottle 1 1 79 217
bottle 53 1 92 44
bottle 1 198 79 298
bottle 1 240 47 333
bottle 25 301 102 333
bottle 47 250 137 333
bottle 82 206 160 313
bottle 171 214 252 323
bottle 135 259 227 333
bottle 121 316 193 333
bottle 251 220 335 331
bottle 222 268 316 333
bottle 227 323 282 333
bottle 337 231 424 331
bottle 316 277 398 333
bottle 414 287 498 333
bottle 423 240 500 322
