sheep 94 281 261 445
sheep 77 235 176 363
sheep 303 253 333 329
sheep 174 257 234 339
sheep 41 273 80 319
sheep 242 146 270 182
sheep 94 175 121 204
sheep 21 259 71 302
sheep 8 252 38 302
sheep 28 157 81 189
sheep 91 142 119 173
sheep 136 128 164 162
sheep 194 132 216 160
sheep 212 121 239 151
sheep 63 125 102 155
sheep 15 56 38 84
sheep 14 39 36 61
sheep 260 93 299 118
sheep 187 60 208 79
sheep 209 68 231 89
sheep 236 75 258 97
sheep 258 80 273 101
sheep 234 57 263 73
sheep 274 70 293 94
sheep 318 65 334 87
sheep 308 207 334 251
