boat 73 179 105 192
boat 83 116 111 154
boat 4 104 19 122
boat 29 113 45 122
boat 51 101 68 124
boat 57 102 72 112
boat 85 101 89 112
boat 82 104 98 125
boat 104 101 114 111
boat 105 103 123 125
boat 134 104 153 126
boat 153 104 164 122
boat 159 106 172 125
boat 160 110 183 120
boat 191 101 207 127
boat 226 104 241 126
boat 236 99 251 121
boat 246 107 268 133
boat 264 103 284 126
boat 291 106 307 128
boat 332 104 351 127
boat 377 96 399 122
boat 410 103 432 127
boat 420 103 435 124
boat 442 108 458 127
boat 334 109 380 155
boat 235 195 276 219
boat 122 133 150 170
boat 216 219 270 247
boat 300 122 318 149
boat 383 121 403 145
boat 153 151 176 161
