bottle 408 297 500 333
bottle 2 289 181 333
bottle 210 290 387 333
bottle 56 154 107 197
bottle 107 154 153 195
bottle 152 157 191 195
bottle 196 155 238 197
bottle 217 120 256 160
bottle 238 86 276 125
bottle 256 118 296 160
bottle 238 156 277 197
bottle 276 157 320 198
bottle 301 124 339 158
bottle 278 86 319 127
bottle 298 47 340 90
bottle 321 85 361 124
bottle 344 119 383 161
bottle 324 156 362 195
bottle 362 157 404 196
bottle 380 120 419 156
bottle 361 85 403 123
bottle 402 82 447 124
bottle 422 121 472 160
bottle 405 158 449 197
bottle 448 156 496 200
